YEAR,BY YEAR NO,BY ROUND NO,TEAM NO,TEAM,SEED,ROUND,CURRENT ROUND,SCORE
2025,2162,2166,1145,Alabama St.,16,72,72,68
2025,2161,2165,1099,Saint Francis,16,72,72,70
2025,2158,2162,1104,North Carolina,11,72,72,95
2025,2157,2161,1097,San Diego St.,11,72,72,68
2025,2156,2160,1108,Mount St. Mary's,16,72,72,83
2025,2155,2159,1144,American,16,72,72,72
2025,2154,2158,1081,Xavier,11,72,72,86
2025,2153,2157,1093,Texas,11,72,72,80
2025,2150,2154,1141,Auburn,1,1,64,83
2025,2149,2153,1145,Alabama St.,16,64,64,63
2025,2148,2152,1119,Louisville,8,1,64,75
2025,2147,2151,1134,Creighton,9,64,64,89
2025,2146,2150,1114,Michigan,5,1,64,68
2025,2145,2149,1089,UC San Diego,12,64,64,65
2025,2144,2148,1092,Texas A&M,4,1,64,80
2025,2143,2147,1080,Yale,13,64,64,71
2025,2142,2146,1112,Mississippi,6,1,64,71
2025,2141,2145,1104,North Carolina,11,64,64,64
2025,2140,2144,1124,Iowa St.,3,1,64,82
2025,2139,2143,1120,Lipscomb,14,64,64,55
2025,2138,2142,1118,Marquette,7,1,64,66
2025,2137,2141,1106,New Mexico,10,64,64,75
2025,2136,2140,1113,Michigan St.,2,1,64,87
2025,2135,2139,1139,Bryant,15,64,64,62
2025,2134,2138,1131,Florida,1,1,64,95
2025,2133,2137,1105,Norfolk St.,16,64,64,69
2025,2132,2136,1135,Connecticut,8,1,64,67
2025,2131,2135,1103,Oklahoma,9,64,64,59
2025,2130,2134,1115,Memphis,5,1,64,70
2025,2129,2133,1136,Colorado St.,12,64,64,78
2025,2128,2132,1117,Maryland,4,1,64,81
2025,2127,2131,1128,Grand Canyon,13,64,64,49
2025,2124,2128,1110,Missouri,6,1,64,57
2025,2123,2127,1133,Drake,11,64,64,67
2025,2122,2126,1091,Texas Tech,3,1,64,82
2025,2121,2125,1087,UNC Wilmington,14,64,64,72
2025,2120,2124,1123,Kansas,7,1,64,72
2025,2119,2123,1142,Arkansas,10,64,64,79
2025,2118,2122,1095,St. John's,2,1,64,83
2025,2117,2121,1107,Nebraska Omaha,15,64,64,53
2025,2116,2120,1132,Duke,1,1,64,93
2025,2115,2119,1108,Mount St. Mary's,16,64,64,49
2025,2114,2118,1111,Mississippi St.,8,1,64,
2025,2113,2117,1140,Baylor,9,64,64,
2025,2112,2116,1102,Oregon,5,1,64,
2025,2111,2115,1121,Liberty,12,64,64,
2025,2110,2114,1143,Arizona,4,1,64,
2025,2109,2113,1147,Akron,13,64,64,
2025,2108,2112,1138,BYU,6,1,64,
2025,2107,2111,1084,VCU,11,64,64,
2025,2106,2110,1083,Wisconsin,3,1,64,
2025,2105,2109,1109,Montana,14,64,64,
2025,2104,2108,1098,Saint Mary's,7,1,64,
2025,2103,2107,1085,Vanderbilt,10,64,64,
2025,2102,2106,1146,Alabama,2,1,64,
2025,2101,2105,1100,Robert Morris,15,64,64,
2025,2100,2104,1126,Houston,1,1,64,
2025,2099,2103,1096,SIU Edwardsville,16,64,64,
2025,2098,2102,1129,Gonzaga,8,1,64,
2025,2097,2101,1130,Georgia,9,64,64,
2025,2096,2100,1137,Clemson,5,1,64,
2025,2095,2099,1116,McNeese St.,12,64,64,
2025,2094,2098,1101,Purdue,4,1,64,
2025,2093,2097,1127,High Point,13,64,64,
2025,2092,2096,1125,Illinois,6,1,64,
2025,2091,2095,1093,Texas,11,64,64,
2025,,,1125,Illinois,6,1,64,
2025,,,1081,Xavier,11,64,64,
2025,,,1122,Kentucky,3,1,64,
2025,,,1090,Troy,14,64,64,
2025,,,1088,UCLA,7,1,64,
2025,,,1086,Utah St.,10,64,64,
2025,,,1094,Tennessee,2,1,64,
2025,,,1082,Wofford,15,64,64,
2025,,,1141,Auburn,1,1,32,
2025,,,1134,Creighton,9,64,32,
2025,,,1114,Michigan,5,1,32,
2025,,,1092,Texas A&M,4,1,32,
2025,,,1112,Mississippi,6,1,32,
2025,,,1124,Iowa St.,3,1,32,
2025,,,1106,New Mexico,10,64,32,
2025,,,1113,Michigan St.,2,1,32,
2025,,,1131,Florida,1,1,32,
2025,,,1135,Connecticut,8,1,32,
2025,,,1136,Colorado St.,12,64,32,
2025,,,1128,Grand Canyon,13,64,32,
2025,,,1133,Drake,11,64,32,
2025,,,1091,Texas Tech,3,1,32,
2025,,,1142,Arkansas,10,64,32,
2025,,,1095,St. John's,2,1,32,
2025,,,1132,Duke,1,1,32,
2025,,,,,,,32,
2025,,,,,,,32,
2025,,,,,,,32,
2025,,,,,,,32,
2025,,,,,,,32,
2025,,,,,,,32,
2025,,,,,,,32,
2025,,,,,,,32,
2025,,,,,,,32,
2025,,,,,,,32,
2025,,,,,,,32,
2025,,,,,,,32,
2025,,,,,,,32,
2025,,,,,,,32,
2025,,,,,,,32,
2025,,,,,,,32,
2025,,,,,,,32,
2025,,,,,,,32,
2025,,,,,,,32,
2025,,,,,,,32,
2025,,,,,,,32,
2025,,,,,,,32,
2025,,,,,,,32,
2025,,,,,,,32,
2025,,,,,,,32,
2025,,,,,,,32,
2025,,,,,,,32,
2025,,,,,,,32,
2025,,,,,,,32,
2025,,,,,,,32,
2025,,,,,,,32,
2025,,,,,,,32,
2025,,,,,,,32,
2025,,,,,,,32,
2025,,,,,,,32,
2025,,,,,,,32,
2025,,,,,,,32,
2025,,,,,,,32,
2025,,,,,,,32,
2025,,,,,,,32,
2025,,,,,,,32,
2025,,,,,,,32,
2025,,,,,,,32,
2025,,,,,,,16,
2025,,,,,,,16,
2025,,,,,,,16,
2025,,,,,,,16,
2025,,,,,,,16,
2025,,,,,,,16,
2025,,,,,,,16,
2025,,,,,,,16,
2025,,,,,,,16,
2025,,,,,,,16,
2025,,,,,,,16,
2025,,,,,,,16,
2025,,,,,,,16,
2025,,,,,,,16,
2025,,,,,,,16,
2025,,,,,,,16,
2025,,,,,,,8,
2025,,,,,,,8,
2025,,,,,,,8,
2025,,,,,,,8,
2025,,,,,,,8,
2025,,,,,,,8,
2024,2014,2094,,,,,8,
2024,2013,2093,,,,,8,
2024,2012,2092,,,,,4,
2024,2011,2091,,,,,4,
2024,2010,2090,,,,,4,
2024,2009,2089,,,,,4,
2024,2008,2088,,,,,2,
2024,2007,2087,,,,,2,
2024,2006,2086,1067,Connecticut,1,1,64,91
2024,2005,2085,1026,Stetson,16,64,64,52
2024,2004,2084,1060,Florida Atlantic,8,64,64,65
2024,2003,2083,1036,Northwestern,9,32,64,77
2024,2002,2082,1029,San Diego St.,5,16,64,69
2024,2001,2081,1020,UAB,12,64,64,65
2024,2000,2080,1076,Auburn,4,64,64,76
2024,1999,2079,1012,Yale,13,32,64,78
2024,1998,2078,1073,BYU,6,64,64,67
2024,1997,2077,1062,Duquesne,11,32,64,71
2024,1996,2076,1054,Illinois,3,8,64,85
2024,1995,2075,1042,Morehead St.,14,64,64,69
2024,1994,2074,1015,Washington St.,7,32,64,66
2024,1993,2073,1064,Drake,10,64,64,61
2024,1992,2072,1053,Iowa St.,2,16,64,82
2024,1991,2071,1027,South Dakota St.,15,64,64,65
2024,1990,2070,1038,North Carolina,1,16,64,90
2024,1989,2069,1016,Wagner,16,64,64,62
2024,1988,2068,1044,Mississippi St.,8,64,64,51
2024,1987,2067,1045,Michigan St.,9,32,64,69
2024,1986,2066,1032,Saint Mary's,5,64,64,66
2024,1985,2065,1057,Grand Canyon,12,32,64,75
2024,1984,2064,1078,Alabama,4,4,64,109
2024,1983,2063,1070,College of Charleston,13,64,64,96
2024,1982,2062,1072,Clemson,6,8,64,77
2024,1981,2061,1039,New Mexico,11,64,64,56
2024,1980,2060,1075,Baylor,3,32,64,92
2024,1979,2059,1071,Colgate,14,64,64,67
2024,1978,2058,1065,Dayton,7,32,64,63
2024,1977,2057,1040,Nevada,10,64,64,60
2024,1976,2056,1077,Arizona,2,16,64,85
2024,1975,2055,1049,Long Beach St.,15,64,64,65
2024,1974,2054,1056,Houston,1,16,64,86
2024,1973,2053,1048,Longwood,16,64,64,46
2024,1972,2052,1041,Nebraska,8,64,64,83
2024,1971,2051,1022,Texas A&M,9,32,64,98
2024,1970,2050,1013,Wisconsin,5,64,64,61
2024,1969,2049,1052,James Madison,12,32,64,72
2024,1968,2048,1063,Duke,4,8,64,64
2024,1967,2047,1018,Vermont,13,64,64,47
2024,1966,2046,1021,Texas Tech,6,64,64,67
2024,1965,2045,1037,North Carolina St.,11,4,64,80
2024,1964,2044,1050,Kentucky,3,64,64,76
2024,1963,2043,1035,Oakland,14,32,64,80
2024,1962,2042,1061,Florida,7,64,64,100
2024,1961,2041,1069,Colorado,10,32,64,102
2024,1960,2040,1047,Marquette,2,16,64,87
2024,1959,2039,1014,Western Kentucky,15,64,64,69
2024,1958,2038,1033,Purdue,1,2,64,78
2024,1957,2037,1058,Grambling St.,16,64,64,50
2024,1956,2036,1019,Utah St.,8,32,64,88
2024,1955,2035,1025,TCU,9,64,64,72
2024,1954,2034,1059,Gonzaga,5,16,64,86
2024,1953,2033,1046,McNeese St.,12,64,64,65
2024,1952,2032,1051,Kansas,4,32,64,93
2024,1951,2031,1030,Samford,13,64,64,89
2024,1950,1008,1028,South Carolina,6,64,64,73
2024,1949,1007,1034,Oregon,11,32,64,87
2024,1948,1006,1066,Creighton,3,16,64,77
2024,1947,1005,1079,Akron,14,64,64,60
2024,1946,1004,1023,Texas,7,32,64,56
2024,1945,1003,1068,Colorado St.,10,64,64,44
2024,1944,1002,1024,Tennessee,2,8,64,83
2024,1943,1001,1031,Saint Peter's,15,64,64,49
2024,1942,1000,1067,Connecticut,1,1,32,75
2024,1941,999,1036,Northwestern,9,32,32,58
2024,1940,998,1029,San Diego St.,5,16,32,85
2024,1939,997,1012,Yale,13,32,32,57
2024,1938,996,1062,Duquesne,11,32,32,63
2024,1937,995,1054,Illinois,3,8,32,89
2024,1936,994,1015,Washington St.,7,32,32,56
2024,1935,993,1053,Iowa St.,2,16,32,67
2024,1934,992,1038,North Carolina,1,16,32,85
2024,1933,991,1045,Michigan St.,9,32,32,69
2024,1932,990,1057,Grand Canyon,12,32,32,61
2024,1931,989,1078,Alabama,4,4,32,72
2024,1930,988,1072,Clemson,6,8,32,72
2024,1929,987,1075,Baylor,3,32,32,64
2024,1928,986,1065,Dayton,7,32,32,68
2024,1927,985,1077,Arizona,2,16,32,78
2024,1926,984,1056,Houston,1,16,32,100
2024,1925,983,1022,Texas A&M,9,32,32,95
2024,1924,982,1052,James Madison,12,32,32,55
2024,1923,981,1063,Duke,4,8,32,93
2024,1922,980,1037,North Carolina St.,11,4,32,79
2024,1921,979,1035,Oakland,14,32,32,73
2024,1920,978,1069,Colorado,10,32,32,77
2024,1919,977,1047,Marquette,2,16,32,81
2024,1918,480,1033,Purdue,1,2,32,106
2024,1917,479,1019,Utah St.,8,32,32,67
2024,1916,478,1059,Gonzaga,5,16,32,89
2024,1915,477,1051,Kansas,4,32,32,68
2024,1914,476,1034,Oregon,11,32,32,73
2024,1913,475,1066,Creighton,3,16,32,86
2024,1912,474,1023,Texas,7,32,32,58
2024,1911,473,1024,Tennessee,2,8,32,62
2024,1910,472,1067,Connecticut,1,1,16,82
2024,1909,471,1029,San Diego St.,5,16,16,52
2024,1908,470,1054,Illinois,3,8,16,72
2024,1907,469,1053,Iowa St.,2,16,16,69
2024,1906,468,1038,North Carolina,1,16,16,87
2024,1905,467,1078,Alabama,4,4,16,89
2024,1904,466,1072,Clemson,6,8,16,77
2024,1903,465,1077,Arizona,2,16,16,72
2024,1902,224,1056,Houston,1,16,16,51
2024,1901,223,1063,Duke,4,8,16,54
2024,1900,222,1037,North Carolina St.,11,4,16,67
2024,1899,221,1047,Marquette,2,16,16,58
2024,1898,220,1033,Purdue,1,2,16,80
2024,1897,219,1059,Gonzaga,5,16,16,68
2024,1896,218,1066,Creighton,3,16,16,75
2024,1895,217,1024,Tennessee,2,8,16,82
2024,1894,96,1067,Connecticut,1,1,8,77
2024,1893,95,1054,Illinois,3,8,8,52
2024,1892,94,1078,Alabama,4,4,8,89
2024,1891,93,1072,Clemson,6,8,8,82
2024,1890,32,1063,Duke,4,8,8,64
2024,1889,31,1037,North Carolina St.,11,4,8,76
2023,1888,2030,1033,Purdue,1,2,8,72
2023,1887,2029,1024,Tennessee,2,8,8,66
2023,1886,2028,1067,Connecticut,1,1,4,86
2023,1885,2027,1078,Alabama,4,4,4,72
2023,1884,2026,1037,North Carolina St.,11,4,4,50
2023,1883,2025,1033,Purdue,1,2,4,63
2023,1882,2024,1067,Connecticut,1,1,2,75
2023,1881,2023,1033,Purdue,1,2,2,60
2023,1880,2022,1011,Alabama,1,16,64,96
2023,1879,2021,955,Texas A&M Corpus Chris,16,64,64,75
2023,1878,2020,979,Maryland,8,32,64,67
2023,1877,2019,945,West Virginia,9,64,64,65
2023,1876,2018,961,San Diego St.,5,2,64,63
2023,1875,2017,1003,College of Charleston,12,64,64,57
2023,1874,2016,946,Virginia,4,64,64,67
2023,1873,2015,996,Furman,13,32,64,68
2023,1872,2014,1001,Creighton,6,8,64,72
2023,1871,2013,971,North Carolina St.,11,64,64,63
2023,1870,2012,1006,Baylor,3,32,64,74
2023,1869,2011,953,UC Santa Barbara,14,64,64,56
2023,1868,2010,974,Missouri,7,32,64,76
2023,1867,2009,949,Utah St.,10,64,64,65
2023,1866,2008,1010,Arizona,2,64,64,55
2023,1865,2007,965,Princeton,15,16,64,59
2023,1864,2006,963,Purdue,1,64,64,58
2023,1863,2005,998,Fairleigh Dickinson,16,32,64,63
2023,1862,2004,978,Memphis,8,64,64,65
2023,1861,2003,997,Florida Atlantic,9,4,64,66
2023,1860,2002,999,Duke,5,32,64,74
2023,1859,2001,968,Oral Roberts,12,64,64,51
2023,1858,2000,958,Tennessee,4,16,64,58
2023,1857,1999,981,Louisiana Lafayette,13,64,64,55
2023,1856,1998,982,Kentucky,6,32,64,61
2023,1855,1997,964,Providence,11,64,64,53
2023,1854,1996,985,Kansas St.,3,8,64,77
2023,1853,1995,973,Montana St.,14,64,64,65
2023,1852,1994,976,Michigan St.,7,16,64,72
2023,1851,1993,950,USC,10,64,64,62
2023,1850,1992,980,Marquette,2,32,64,78
2023,1849,1991,947,Vermont,15,64,64,61
2023,1848,1990,993,Houston,1,16,64,63
2023,1847,1989,970,Northern Kentucky,16,64,64,52
2023,1846,1988,988,Iowa,8,64,64,75
2023,1845,1987,1007,Auburn,9,32,64,83
2023,1844,1986,977,Miami FL,5,4,64,63
2023,1843,1985,1000,Drake,12,64,64,56
2023,1842,1984,990,Indiana,4,32,64,71
2023,1841,1983,983,Kent St.,13,64,64,60
2023,1840,1982,987,Iowa St.,6,64,64,41
2023,1839,1981,966,Pittsburgh,11,32,64,59
2023,1838,1980,944,Xavier,3,16,64,72
2023,1837,1979,984,Kennesaw St.,14,64,64,67
2023,1836,1978,956,Texas A&M,7,64,64,59
2023,1835,1977,967,Penn St.,10,32,64,76
2023,1834,1976,957,Texas ,2,8,64,81
2023,1833,1975,1004,Colgate,15,64,64,61
2023,1832,1974,986,Kansas,1,32,64,96
2023,1831,1973,992,Howard,16,64,64,68
2023,1830,1972,1008,Arkansas,8,16,64,73
2023,1829,1971,991,Illinois,9,64,64,63
2023,1828,1970,962,Saint Mary's,5,32,64,63
2023,1827,1969,948,VCU,12,64,64,51
2023,1826,1968,1002,Connecticut,4,1,64,87
2023,1825,1967,989,Iona,13,64,64,63
2023,1824,976,959,TCU,6,32,64,72
2023,1823,975,1009,Arizona St.,11,64,64,70
2023,1822,974,995,Gonzaga,3,8,64,82
2023,1821,973,994,Grand Canyon,14,64,64,70
2023,1820,972,969,Northwestern,7,32,64,75
2023,1819,971,1005,Boise St.,10,64,64,67
2023,1818,970,952,UCLA,2,16,64,86
2023,1817,969,951,UNC Asheville,15,64,64,53
2023,1816,968,1011,Alabama,1,16,32,73
2023,1815,967,979,Maryland,8,32,32,51
2023,1814,966,961,San Diego St.,5,2,32,75
2023,1813,965,996,Furman,13,32,32,52
2023,1812,964,1001,Creighton,6,8,32,85
2023,1811,963,1006,Baylor,3,32,32,76
2023,1810,962,974,Missouri,7,32,32,63
2023,1809,961,965,Princeton,15,16,32,78
2023,1808,960,998,Fairleigh Dickinson,16,32,32,70
2023,1807,959,997,Florida Atlantic,9,4,32,78
2023,1806,958,999,Duke,5,32,32,52
2023,1805,957,958,Tennessee,4,16,32,65
2023,1804,956,982,Kentucky,6,32,32,69
2023,1803,955,985,Kansas St.,3,8,32,75
2023,1802,954,976,Michigan St.,7,16,32,69
2023,1801,953,980,Marquette,2,32,32,60
2023,1800,952,993,Houston,1,16,32,81
2023,1799,951,1007,Auburn,9,32,32,64
2023,1798,950,977,Miami FL,5,4,32,85
2023,1797,949,990,Indiana,4,32,32,69
2023,1796,948,966,Pittsburgh,11,32,32,73
2023,1795,947,944,Xavier,3,16,32,84
2023,1794,946,967,Penn St.,10,32,32,66
2023,1793,945,957,Texas ,2,8,32,71
2023,1792,464,986,Kansas,1,32,32,71
2023,1791,463,1008,Arkansas,8,16,32,72
2023,1790,462,962,Saint Mary's,5,32,32,55
2023,1789,461,1002,Connecticut,4,1,32,70
2023,1788,460,959,TCU,6,32,32,81
2023,1787,459,995,Gonzaga,3,8,32,84
2023,1786,458,969,Northwestern,7,32,32,63
2023,1785,457,952,UCLA,2,16,32,68
2023,1784,456,1011,Alabama,1,16,16,64
2023,1783,455,961,San Diego St.,5,2,16,71
2023,1782,454,1001,Creighton,6,8,16,86
2023,1781,453,965,Princeton,15,16,16,75
2023,1780,452,997,Florida Atlantic,9,4,16,62
2023,1779,451,958,Tennessee,4,16,16,55
2023,1778,450,985,Kansas St.,3,8,16,98
2023,1777,449,976,Michigan St.,7,16,16,93
2023,1776,216,993,Houston,1,16,16,75
2023,1775,215,977,Miami FL,5,4,16,89
2023,1774,214,944,Xavier,3,16,16,71
2023,1773,213,957,Texas ,2,8,16,83
2023,1772,212,1008,Arkansas,8,16,16,65
2023,1771,211,1002,Connecticut,4,1,16,88
2023,1770,210,995,Gonzaga,3,8,16,79
2023,1769,209,952,UCLA,2,16,16,76
2023,1768,92,961,San Diego St.,5,2,8,57
2023,1767,91,1001,Creighton,6,8,8,56
2023,1766,90,997,Florida Atlantic,9,4,8,79
2023,1765,89,985,Kansas St.,3,8,8,76
2023,1764,30,977,Miami FL,5,4,8,88
2023,1763,29,957,Texas ,2,8,8,81
2022,1762,1966,1002,Connecticut,4,1,8,82
2022,1761,1965,995,Gonzaga,3,8,8,54
2022,1760,1964,961,San Diego St.,5,2,4,72
2022,1759,1963,997,Florida Atlantic,9,4,4,71
2022,1758,1962,977,Miami FL,5,4,4,59
2022,1757,1961,1002,Connecticut,4,1,4,72
2022,1756,1960,961,San Diego St.,5,2,2,59
2022,1755,1959,1002,Connecticut,4,1,2,76
2022,1754,1958,925,Gonzaga,1,16,64,93
2022,1753,1957,926,Georgia St.,16,64,64,72
2022,1752,1956,937,Boise St.,8,64,64,53
2022,1751,1955,912,Memphis,9,32,64,64
2022,1750,1954,931,Connecticut,5,64,64,63
2022,1749,1953,906,New Mexico St.,12,32,64,70
2022,1748,1952,940,Arkansas,4,8,64,75
2022,1747,1951,882,Vermont,13,64,64,71
2022,1746,1950,942,Alabama,6,64,64,64
2022,1745,1949,903,Notre Dame,11,32,64,78
2022,1744,1948,886,Texas Tech,3,16,64,97
2022,1743,1947,908,Montana St.,14,64,64,62
2022,1742,1946,909,Michigan St.,7,32,64,74
2022,1741,1945,929,Davidson,10,64,64,73
2022,1740,1944,927,Duke,2,4,64,78
2022,1739,1943,935,Cal St. Fullerton,15,64,64,61
2022,1738,1942,938,Baylor,1,32,64,85
2022,1737,1941,905,Norfolk St.,16,64,64,49
2022,1736,1940,904,North Carolina,8,2,64,95
2022,1735,1939,913,Marquette,9,64,64,63
2022,1734,1938,897,Saint Mary's,5,32,64,82
2022,1733,1937,922,Indiana,12,64,64,53
2022,1732,1936,884,UCLA,4,16,64,57
2022,1731,1935,943,Akron,13,64,64,53
2022,1730,1934,889,Texas,6,32,64,81
2022,1729,1933,880,Virginia Tech,11,64,64,73
2022,1728,1932,900,Purdue,3,16,64,78
2022,1727,1931,876,Yale,14,64,64,56
2022,1726,1930,907,Murray St.,7,32,64,92
2022,1725,1929,894,San Francisco,10,64,64,87
2022,1724,1928,917,Kentucky,2,64,64,79
2022,1723,1927,896,Saint Peter's,15,8,64,85
2022,1722,1926,941,Arizona,1,16,64,87
2022,1721,1925,878,Wright St.,16,64,64,70
2022,1720,1924,893,Seton Hall,8,64,64,42
2022,1719,1923,891,TCU,9,32,64,69
2022,1718,1922,924,Houston,5,8,64,82
2022,1717,1921,885,UAB,12,64,64,68
2022,1716,1920,923,Illinois,4,32,64,54
2022,1715,1919,934,Chattanooga,13,64,64,53
2022,1714,1918,932,Colorado St.,6,64,64,63
2022,1713,1917,910,Michigan,11,16,64,75
2022,1712,1916,890,Tennessee,3,32,64,88
2022,1711,1915,916,Longwood,14,64,64,56
2022,1710,1914,902,Ohio St.,7,32,64,54
2022,1709,1913,915,Loyola Chicago,10,64,64,41
2022,1708,1912,881,Villanova,2,4,64,80
2022,1707,1911,928,Delaware,15,64,64,60
2022,1706,1910,918,Kansas,1,1,64,83
2022,1705,1909,887,Texas Southern,16,64,64,56
2022,1704,1908,895,San Diego St.,8,64,64,69
2022,1703,1907,930,Creighton,9,32,64,72
2022,1702,1906,921,Iowa,5,64,64,63
2022,1701,1905,899,Richmond,12,32,64,67
2022,1700,1904,901,Providence,4,16,64,66
2022,1699,1903,892,South Dakota St.,13,64,64,57
2022,1698,944,914,LSU,6,64,64,54
2022,1697,943,920,Iowa St.,11,16,64,59
2022,1696,942,879,Wisconsin,3,32,64,67
2022,1695,941,933,Colgate,14,64,64,60
2022,1694,940,883,USC,7,64,64,66
2022,1693,939,911,Miami FL,10,8,64,68
2022,1692,938,939,Auburn,2,32,64,80
2022,1691,937,919,Jacksonville St.,15,64,64,61
2022,1690,936,925,Gonzaga,1,16,32,82
2022,1689,935,912,Memphis,9,32,32,78
2022,1688,934,906,New Mexico St.,12,32,32,48
2022,1687,933,940,Arkansas,4,8,32,53
2022,1686,932,903,Notre Dame,11,32,32,53
2022,1685,931,886,Texas Tech,3,16,32,59
2022,1684,930,909,Michigan St.,7,32,32,76
2022,1683,929,927,Duke,2,4,32,85
2022,1682,928,938,Baylor,1,32,32,86
2022,1681,927,904,North Carolina,8,2,32,93
2022,1680,926,897,Saint Mary's,5,32,32,56
2022,1679,925,884,UCLA,4,16,32,72
2022,1678,924,889,Texas,6,32,32,71
2022,1677,923,900,Purdue,3,16,32,81
2022,1676,922,907,Murray St.,7,32,32,60
2022,1675,921,896,Saint Peter's,15,8,32,70
2022,1674,920,941,Arizona,1,16,32,85
2022,1673,919,891,TCU,9,32,32,80
2022,1672,918,924,Houston,5,8,32,68
2022,1671,917,923,Illinois,4,32,32,53
2022,1670,916,910,Michigan,11,16,32,76
2022,1669,915,890,Tennessee,3,32,32,68
2022,1668,914,902,Ohio St.,7,32,32,61
2022,1667,913,881,Villanova,2,4,32,71
2022,1666,448,918,Kansas,1,1,32,79
2022,1665,447,930,Creighton,9,32,32,72
2022,1664,446,899,Richmond,12,32,32,51
2022,1663,445,901,Providence,4,16,32,79
2022,1662,444,920,Iowa St.,11,16,32,54
2022,1661,443,879,Wisconsin,3,32,32,49
2022,1660,442,911,Miami FL,10,8,32,79
2022,1659,441,939,Auburn,2,32,32,61
2022,1658,440,925,Gonzaga,1,16,16,68
2022,1657,439,940,Arkansas,4,8,16,74
2022,1656,438,886,Texas Tech,3,16,16,73
2022,1655,437,927,Duke,2,4,16,78
2022,1654,436,904,North Carolina,8,2,16,73
2022,1653,435,884,UCLA,4,16,16,66
2022,1652,434,900,Purdue,3,16,16,64
2022,1651,433,896,Saint Peter's,15,8,16,67
2022,1650,208,941,Arizona,1,16,16,60
2022,1649,207,924,Houston,5,8,16,72
2022,1648,206,910,Michigan,11,16,16,55
2022,1647,205,881,Villanova,2,4,16,63
2022,1646,204,918,Kansas,1,1,16,66
2022,1645,203,901,Providence,4,16,16,61
2022,1644,202,920,Iowa St.,11,16,16,56
2022,1643,201,911,Miami FL,10,8,16,70
2022,1642,88,940,Arkansas,4,8,8,69
2022,1641,87,927,Duke,2,4,8,78
2022,1640,86,904,North Carolina,8,2,8,69
2022,1639,85,896,Saint Peter's,15,8,8,49
2022,1638,28,924,Houston,5,8,8,44
2022,1637,27,881,Villanova,2,4,8,50
2021,1636,1902,918,Kansas,1,1,8,76
2021,1635,1901,911,Miami FL,10,8,8,50
2021,1634,1900,927,Duke,2,4,4,77
2021,1633,1899,904,North Carolina,8,2,4,81
2021,1632,1898,881,Villanova,2,4,4,65
2021,1631,1897,918,Kansas,1,1,4,81
2021,1630,1896,904,North Carolina,8,2,2,69
2021,1629,1895,918,Kansas,1,1,2,72
2021,1628,1894,856,Gonzaga,1,2,64,98
2021,1627,1893,839,Norfolk St.,16,64,64,55
2021,1626,1892,834,Oklahoma,8,32,64,72
2021,1625,1891,842,Missouri,9,64,64,68
2021,1624,1890,864,Creighton,5,16,64,63
2021,1623,1889,820,UC Santa Barbara,12,64,64,62
2021,1622,1888,813,Virginia,4,64,64,58
2021,1621,1887,836,Ohio,13,32,64,62
2021,1620,1886,817,USC,6,8,64,72
2021,1619,1885,863,Drake,11,64,64,56
2021,1618,1884,849,Kansas,3,32,64,93
2021,1617,1883,861,Eastern Washington,14,64,64,84
2021,1616,1882,850,Iowa,2,32,64,86
2021,1615,1881,855,Grand Canyon,15,64,64,74
2021,1614,1880,844,Michigan,1,8,64,82
2021,1613,1879,822,Texas Southern,16,64,64,66
2021,1612,1878,846,LSU,8,32,64,76
2021,1611,1877,826,St. Bonaventure,9,64,64,61
2021,1610,1876,866,Colorado,5,32,64,96
2021,1609,1875,858,Georgetown,12,64,64,73
2021,1608,1874,859,Florida St.,4,16,64,64
2021,1607,1873,818,UNC Greensboro,13,64,64,54
2021,1606,1872,870,BYU,6,64,64,62
2021,1605,1871,819,UCLA,11,4,64,73
2021,1604,1870,823,Texas,3,64,64,52
2021,1603,1869,875,Abilene Christian,14,32,64,53
2021,1602,1868,865,Connecticut,7,64,64,54
2021,1601,1867,845,Maryland,10,32,64,63
2021,1600,1866,874,Alabama,2,16,64,68
2021,1599,1865,851,Iona,15,64,64,55
2021,1598,1864,871,Baylor,1,1,64,79
2021,1597,1863,854,Hartford,16,64,64,55
2021,1596,1862,838,North Carolina,8,64,64,62
2021,1595,1861,808,Wisconsin,9,32,64,85
2021,1594,1860,814,Villanova,5,16,64,73
2021,1593,1859,809,Winthrop,12,64,64,63
2021,1592,1858,829,Purdue,4,64,64,69
2021,1591,1857,837,North Texas,13,32,64,78
2021,1590,1856,821,Texas Tech,6,32,64,65
2021,1589,1855,816,Utah St.,11,64,64,53
2021,1588,1854,872,Arkansas,3,8,64,85
2021,1587,1853,867,Colgate,14,64,64,68
2021,1586,1852,860,Florida,7,32,64,75
2021,1585,1851,812,Virginia Tech,10,64,64,70
2021,1584,1850,835,Ohio St.,2,64,64,72
2021,1583,1849,832,Oral Roberts,15,16,64,75
2021,1582,1848,852,Illinois,1,32,64,78
2021,1581,1847,862,Drexel,16,64,64,49
2021,1580,1846,847,Loyola Chicago,8,16,64,71
2021,1579,1845,857,Georgia Tech,9,64,64,60
2021,1578,1844,824,Tennessee,5,64,64,56
2021,1577,1843,830,Oregon St.,12,8,64,70
2021,1576,1842,833,Oklahoma St.,4,32,64,69
2021,1575,1841,848,Liberty,13,64,64,60
2021,1574,912,827,San Diego St.,6,64,64,62
2021,1573,911,825,Syracuse,11,16,64,78
2021,1572,910,811,West Virginia,3,32,64,84
2021,1571,909,841,Morehead St.,14,64,64,67
2021,1570,908,869,Clemson,7,64,64,56
2021,1569,907,828,Rutgers,10,32,64,60
2021,1568,906,853,Houston,2,4,64,87
2021,1567,905,868,Cleveland St.,15,64,64,56
2021,1566,904,856,Gonzaga,1,2,32,87
2021,1565,903,834,Oklahoma,8,32,32,71
2021,1564,902,864,Creighton,5,16,32,72
2021,1563,901,836,Ohio,13,32,32,58
2021,1562,900,817,USC,6,8,32,85
2021,1561,899,849,Kansas,3,32,32,51
2021,1560,898,831,Oregon,7,16,32,95
2021,1559,897,850,Iowa,2,32,32,80
2021,1558,896,844,Michigan,1,8,32,86
2021,1557,895,846,LSU,8,32,32,78
2021,1556,894,866,Colorado,5,32,32,53
2021,1555,893,859,Florida St.,4,16,32,71
2021,1554,892,819,UCLA,11,4,32,67
2021,1553,891,875,Abilene Christian,14,32,32,47
2021,1552,890,845,Maryland,10,32,32,77
2021,1551,889,874,Alabama,2,16,32,96
2021,1550,888,871,Baylor,1,1,32,76
2021,1549,887,808,Wisconsin,9,32,32,63
2021,1548,886,814,Villanova,5,16,32,84
2021,1547,885,837,North Texas,13,32,32,61
2021,1546,884,821,Texas Tech,6,32,32,66
2021,1545,883,872,Arkansas,3,8,32,68
2021,1544,882,860,Florida,7,32,32,78
2021,1543,881,832,Oral Roberts,15,16,32,81
2021,1542,432,852,Illinois,1,32,32,58
2021,1541,431,847,Loyola Chicago,8,16,32,71
2021,1540,430,830,Oregon St.,12,8,32,80
2021,1539,429,833,Oklahoma St.,4,32,32,70
2021,1538,428,825,Syracuse,11,16,32,75
2021,1537,427,811,West Virginia,3,32,32,72
2021,1536,426,828,Rutgers,10,32,32,60
2021,1535,425,853,Houston,2,4,32,63
2021,1534,424,856,Gonzaga,1,2,16,83
2021,1533,423,864,Creighton,5,16,16,65
2021,1532,422,817,USC,6,8,16,82
2021,1531,421,831,Oregon,7,16,16,68
2021,1530,420,844,Michigan,1,8,16,76
2021,1529,419,859,Florida St.,4,16,16,58
2021,1528,418,819,UCLA,11,4,16,88
2021,1527,417,874,Alabama,2,16,16,78
2021,1526,200,871,Baylor,1,1,16,62
2021,1525,199,814,Villanova,5,16,16,51
2021,1524,198,872,Arkansas,3,8,16,72
2021,1523,197,832,Oral Roberts,15,16,16,70
2021,1522,196,847,Loyola Chicago,8,16,16,58
2021,1521,195,830,Oregon St.,12,8,16,65
2021,1520,194,825,Syracuse,11,16,16,46
2021,1519,193,853,Houston,2,4,16,62
2021,1518,84,856,Gonzaga,1,2,8,85
2021,1517,83,817,USC,6,8,8,66
2021,1516,82,844,Michigan,1,8,8,49
2021,1515,81,819,UCLA,11,4,8,51
2021,1514,26,871,Baylor,1,1,8,81
2021,1513,25,872,Arkansas,3,8,8,72
2019,1512,1840,830,Oregon St.,12,8,8,61
2019,1511,1839,853,Houston,2,4,8,67
2019,1510,1838,856,Gonzaga,1,2,4,93
2019,1509,1837,819,UCLA,11,4,4,90
2019,1508,1836,871,Baylor,1,1,4,78
2019,1507,1835,853,Houston,2,4,4,59
2019,1506,1834,856,Gonzaga,1,2,2,70
2019,1505,1833,871,Baylor,1,1,2,86
2019,1504,1832,798,Duke,1,8,64,85
2019,1503,1831,768,North Dakota St.,16,64,64,62
2019,1502,1830,748,VCU,8,64,64,58
2019,1501,1829,750,UCF,9,32,64,73
2019,1500,1828,775,Mississippi St.,5,64,64,76
2019,1499,1827,784,Liberty,12,32,64,80
2019,1498,1826,744,Virginia Tech,4,16,64,66
2019,1497,1825,759,Saint Louis,13,64,64,52
2019,1496,1824,780,Maryland,6,32,64,79
2019,1495,1823,803,Belmont,11,64,64,77
2019,1494,1822,782,LSU,3,16,64,79
2019,1493,1821,740,Yale,14,64,64,74
2019,1492,1820,783,Louisville,7,64,64,76
2019,1491,1819,777,Minnesota,10,32,64,86
2019,1490,1818,778,Michigan St.,2,4,64,76
2019,1489,1817,802,Bradley,15,64,64,65
2019,1488,1816,792,Gonzaga,1,8,64,87
2019,1487,1815,797,Fairleigh Dickinson,16,64,64,49
2019,1486,1814,755,Syracuse,8,64,64,69
2019,1485,1813,804,Baylor,9,32,64,78
2019,1484,1812,781,Marquette,5,64,64,64
2019,1483,1811,773,Murray St.,12,32,64,83
2019,1482,1810,795,Florida St.,4,16,64,76
2019,1481,1809,747,Vermont,13,64,64,69
2019,1480,1808,801,Buffalo,6,32,64,91
2019,1479,1807,806,Arizona St.,11,64,64,74
2019,1478,1806,752,Texas Tech,3,2,64,72
2019,1477,1805,766,Northern Kentucky,14,64,64,57
2019,1476,1804,772,Nevada,7,64,64,61
2019,1475,1803,796,Florida,10,32,64,70
2019,1474,1802,779,Michigan,2,16,64,74
2019,1473,1801,774,Montana,15,64,64,55
2019,1472,1800,745,Virginia,1,1,64,71
2019,1471,1799,794,Gardner Webb,16,64,64,56
2019,1470,1798,776,Mississippi,8,64,64,72
2019,1469,1797,764,Oklahoma,9,32,64,95
2019,1468,1796,742,Wisconsin,5,64,64,54
2019,1467,1795,762,Oregon,12,16,64,72
2019,1466,1794,786,Kansas St.,4,64,64,64
2019,1465,1793,751,UC Irvine,13,32,64,70
2019,1464,1792,746,Villanova,6,32,64,61
2019,1463,1791,758,Saint Mary's,11,64,64,57
2019,1462,1790,760,Purdue,3,8,64,61
2019,1461,1789,763,Old Dominion,14,64,64,48
2019,1460,1788,800,Cincinnati,7,64,64,72
2019,1459,1787,789,Iowa,10,32,64,79
2019,1458,1786,753,Tennessee,2,16,64,77
2019,1457,1785,799,Colgate,15,64,64,70
2019,1456,1784,770,North Carolina,1,16,64,88
2019,1455,1783,790,Iona,16,64,64,73
2019,1454,1782,749,Utah St.,8,64,64,61
2019,1453,1781,743,Washington,9,32,64,78
2019,1452,1780,805,Auburn,5,4,64,78
2019,1451,1779,771,New Mexico St.,12,64,64,77
2019,1450,1778,787,Kansas,4,32,64,87
2019,1449,1777,767,Northeastern,13,64,64,52
2019,1448,880,788,Iowa St.,6,64,64,59
2019,1447,879,765,Ohio St.,11,32,64,62
2019,1446,878,791,Houston,3,16,64,84
2019,1445,877,793,Georgia St.,14,64,64,55
2019,1444,876,741,Wofford,7,32,64,84
2019,1443,875,757,Seton Hall,10,64,64,68
2019,1442,874,785,Kentucky,2,8,64,79
2019,1441,873,807,Abilene Christian,15,64,64,44
2019,1440,872,798,Duke,1,8,32,77
2019,1439,871,750,UCF,9,32,32,76
2019,1438,870,784,Liberty,12,32,32,58
2019,1437,869,744,Virginia Tech,4,16,32,67
2019,1436,868,780,Maryland,6,32,32,67
2019,1435,867,782,LSU,3,16,32,69
2019,1434,866,777,Minnesota,10,32,32,50
2019,1433,865,778,Michigan St.,2,4,32,70
2019,1432,864,792,Gonzaga,1,8,32,83
2019,1431,863,804,Baylor,9,32,32,71
2019,1430,862,773,Murray St.,12,32,32,62
2019,1429,861,795,Florida St.,4,16,32,90
2019,1428,860,801,Buffalo,6,32,32,58
2019,1427,859,752,Texas Tech,3,2,32,78
2019,1426,858,796,Florida,10,32,32,49
2019,1425,857,779,Michigan,2,16,32,64
2019,1424,856,745,Virginia ,1,1,32,63
2019,1423,855,764,Oklahoma,9,32,32,51
2019,1422,854,762,Oregon,12,16,32,73
2019,1421,853,751,UC Irvine,13,32,32,54
2019,1420,852,746,Villanova,6,32,32,61
2019,1419,851,760,Purdue,3,8,32,87
2019,1418,850,789,Iowa,10,32,32,77
2019,1417,849,753,Tennessee,2,16,32,83
2019,1416,416,770,North Carolina,1,16,32,81
2019,1415,415,743,Washington,9,32,32,59
2019,1414,414,805,Auburn,5,4,32,89
2019,1413,413,787,Kansas,4,32,32,75
2019,1412,412,765,Ohio St.,11,32,32,59
2019,1411,411,791,Houston,3,16,32,74
2019,1410,410,741,Wofford,7,32,32,56
2019,1409,409,785,Kentucky,2,8,32,62
2019,1408,408,798,Duke,1,8,16,75
2019,1407,407,744,Virginia Tech,4,16,16,73
2019,1406,406,782,LSU,3,16,16,63
2019,1405,405,778,Michigan St.,2,4,16,80
2019,1404,404,792,Gonzaga,1,8,16,72
2019,1403,403,795,Florida St.,4,16,16,58
2019,1402,402,752,Texas Tech,3,2,16,63
2019,1401,401,779,Michigan,2,16,16,44
2019,1400,192,745,Virginia ,1,1,16,53
2019,1399,191,762,Oregon,12,16,16,49
2019,1398,190,760,Purdue,3,8,16,99
2019,1397,189,753,Tennessee,2,16,16,94
2019,1396,188,770,North Carolina,1,16,16,80
2019,1395,187,805,Auburn,5,4,16,97
2019,1394,186,791,Houston,3,16,16,58
2019,1393,185,785,Kentucky,2,8,16,62
2019,1392,80,798,Duke,1,8,8,67
2019,1391,79,778,Michigan St.,2,4,8,68
2019,1390,78,792,Gonzaga,1,8,8,69
2019,1389,77,752,Texas Tech,3,2,8,75
2019,1388,24,745,Virginia ,1,1,8,80
2019,1387,23,760,Purdue,3,8,8,75
2018,1386,1776,805,Auburn,5,4,8,77
2018,1385,1775,785,Kentucky,2,8,8,71
2018,1384,1774,778,Michigan St.,2,4,4,51
2018,1383,1773,752,Texas Tech,3,2,4,61
2018,1382,1772,745,Virginia ,1,1,4,63
2018,1381,1771,805,Auburn,5,4,4,62
2018,1380,1770,752,Texas Tech,3,2,2,77
2018,1379,1769,745,Virginia ,1,1,2,85
2018,1378,1768,677,Virginia,1,64,64,54
2018,1377,1767,680,UMBC,16,32,64,74
2018,1376,1766,727,Creighton,8,64,64,59
2018,1375,1765,717,Kansas St.,9,8,64,69
2018,1374,1764,716,Kentucky,5,16,64,78
2018,1373,1763,726,Davidson,12,64,64,73
2018,1372,1762,738,Arizona,4,64,64,68
2018,1371,1761,733,Buffalo,13,32,64,89
2018,1370,1760,711,Miami FL,6,64,64,62
2018,1369,1759,713,Loyola Chicago,11,4,64,64
2018,1368,1758,686,Tennessee,3,32,64,73
2018,1367,1757,673,Wright St.,14,64,64,47
2018,1366,1756,705,Nevada,7,16,64,87
2018,1365,1755,685,Texas,10,64,64,83
2018,1364,1754,730,Cincinnati,2,32,64,68
2018,1363,1753,722,Georgia St.,15,64,64,53
2018,1362,1752,672,Xavier,1,32,64,102
2018,1361,1751,683,Texas Southern,16,64,64,83
2018,1360,1750,708,Missouri,8,64,64,54
2018,1359,1749,723,Florida St.,9,8,64,67
2018,1358,1748,700,Ohio St.,5,32,64,81
2018,1357,1747,691,South Dakota St.,12,64,64,73
2018,1356,1746,721,Gonzaga,4,16,64,68
2018,1355,1745,679,UNC Greensboro,13,64,64,64
2018,1354,1744,720,Houston,6,32,64,67
2018,1353,1743,693,San Diego St.,11,64,64,65
2018,1352,1742,710,Michigan,3,2,64,61
2018,1351,1741,707,Montana,14,64,64,47
2018,1350,1740,684,Texas A&M,7,16,64,73
2018,1349,1739,697,Providence,10,64,64,69
2018,1348,1738,703,North Carolina,2,32,64,84
2018,1347,1737,715,Lipscomb,15,64,64,66
2018,1346,1736,678,Villanova,1,1,64,87
2018,1345,1735,695,Radford,16,64,64,61
2018,1344,1734,676,Virginia Tech,8,64,64,83
2018,1343,1733,739,Alabama,9,32,64,86
2018,1342,1732,675,West Virginia,5,16,64,85
2018,1341,1731,706,Murray St.,12,64,64,68
2018,1340,1730,674,Wichita St.,4,64,64,75
2018,1339,1729,712,Marshall,13,32,64,81
2018,1338,1728,724,Florida,6,32,64,77
2018,1337,1727,690,St. Bonaventure,11,64,64,62
2018,1336,1726,682,Texas Tech,3,8,64,70
2018,1335,1725,689,Stephen F. Austin,14,64,64,60
2018,1334,1724,736,Arkansas,7,64,64,62
2018,1333,1723,732,Butler,10,32,64,79
2018,1332,1722,696,Purdue,2,16,64,74
2018,1331,1721,731,Cal St. Fullerton,15,64,64,48
2018,1330,1720,718,Kansas,1,4,64,76
2018,1329,1719,698,Penn,16,64,64,60
2018,1328,1718,692,Seton Hall,8,32,64,94
2018,1327,1717,701,North Carolina St.,9,64,64,83
2018,1326,1716,729,Clemson,5,16,64,79
2018,1325,1715,704,New Mexico St.,12,64,64,68
2018,1324,1714,735,Auburn,4,32,64,62
2018,1323,1713,728,College of Charleston,13,64,64,58
2018,1322,848,687,TCU,6,64,64,52
2018,1321,847,688,Syracuse,11,16,64,57
2018,1320,846,709,Michigan St.,3,32,64,82
2018,1319,845,734,Bucknell,14,64,64,78
2018,1318,844,694,Rhode Island,7,32,64,83
2018,1317,843,699,Oklahoma,10,64,64,78
2018,1316,842,725,Duke,2,8,64,89
2018,1315,841,719,Iona,15,64,64,67
2018,1314,840,680,UMBC,16,32,32,43
2018,1313,839,717,Kansas St.,9,8,32,50
2018,1312,838,716,Kentucky,5,16,32,95
2018,1311,837,733,Buffalo,13,32,32,75
2018,1310,836,713,Loyola Chicago,11,4,32,63
2018,1309,835,686,Tennessee,3,32,32,62
2018,1308,834,705,Nevada,7,16,32,75
2018,1307,833,730,Cincinnati,2,32,32,73
2018,1306,832,672,Xavier,1,32,32,70
2018,1305,831,723,Florida St.,9,8,32,75
2018,1304,830,700,Ohio St.,5,32,32,84
2018,1303,829,721,Gonzaga,4,16,32,90
2018,1302,828,720,Houston,6,32,32,63
2018,1301,827,710,Michigan,3,2,32,64
2018,1300,826,684,Texas A&M,7,16,32,86
2018,1299,825,703,North Carolina,2,32,32,65
2018,1298,824,678,Villanova,1,1,32,81
2018,1297,823,739,Alabama,9,32,32,58
2018,1296,822,675,West Virginia,5,16,32,94
2018,1295,821,712,Marshall,13,32,32,71
2018,1294,820,724,Florida,6,32,32,66
2018,1293,819,682,Texas Tech,3,8,32,69
2018,1292,818,732,Butler,10,32,32,73
2018,1291,817,696,Purdue,2,16,32,76
2018,1290,400,718,Kansas,1,4,32,83
2018,1289,399,692,Seton Hall,8,32,32,79
2018,1288,398,729,Clemson,5,16,32,84
2018,1287,397,735,Auburn,4,32,32,53
2018,1286,396,688,Syracuse,11,16,32,55
2018,1285,395,709,Michigan St.,3,32,32,53
2018,1284,394,694,Rhode Island,7,32,32,62
2018,1283,393,725,Duke,2,8,32,87
2018,1282,392,717,Kansas St.,9,8,16,61
2018,1281,391,716,Kentucky,5,16,16,58
2018,1280,390,713,Loyola Chicago,11,4,16,69
2018,1279,389,705,Nevada,7,16,16,68
2018,1278,388,723,Florida St.,9,8,16,75
2018,1277,387,721,Gonzaga,4,16,16,60
2018,1276,386,710,Michigan,3,2,16,99
2018,1275,385,684,Texas A&M,7,16,16,72
2018,1274,184,678,Villanova,1,1,16,90
2018,1273,183,675,West Virginia,5,16,16,78
2018,1272,182,682,Texas Tech,3,8,16,78
2018,1271,181,696,Purdue,2,16,16,65
2018,1270,180,718,Kansas,1,4,16,80
2018,1269,179,729,Clemson,5,16,16,76
2018,1268,178,688,Syracuse,11,16,16,65
2018,1267,177,725,Duke,2,8,16,69
2018,1266,76,717,Kansas St.,9,8,8,62
2018,1265,75,713,Loyola Chicago,11,4,8,78
2018,1264,74,723,Florida St.,9,8,8,54
2018,1263,73,710,Michigan,3,2,8,58
2018,1262,22,678,Villanova,1,1,8,71
2018,1261,21,682,Texas Tech,3,8,8,59
2017,1260,1712,718,Kansas,1,4,8,85
2017,1259,1711,725,Duke,2,8,8,81
2017,1258,1710,713,Loyola Chicago,11,4,4,57
2017,1257,1709,710,Michigan,3,2,4,69
2017,1256,1708,678,Villanova,1,1,4,95
2017,1255,1707,718,Kansas,1,4,4,79
2017,1254,1706,710,Michigan,3,2,2,62
2017,1253,1705,678,Villanova,1,1,2,79
2017,1252,1704,612,Villanova,1,32,64,76
2017,1251,1703,642,Mount St. Mary's,16,64,64,56
2017,1250,1702,605,Wisconsin,8,16,64,84
2017,1249,1701,610,Virginia Tech,9,64,64,74
2017,1248,1700,611,Virginia,5,32,64,76
2017,1247,1699,617,UNC Wilmington,12,64,64,71
2017,1246,1698,661,Florida,4,8,64,80
2017,1245,1697,662,East Tennessee St.,13,64,64,65
2017,1244,1696,624,SMU,6,64,64,65
2017,1243,1695,616,USC,11,32,64,66
2017,1242,1694,669,Baylor,3,16,64,91
2017,1241,1693,640,New Mexico St.,14,64,64,73
2017,1240,1692,623,South Carolina,7,4,64,93
2017,1239,1691,649,Marquette,10,64,64,73
2017,1238,1690,663,Duke,2,32,64,87
2017,1237,1689,620,Troy,15,64,64,65
2017,1236,1688,658,Gonzaga,1,2,64,66
2017,1235,1687,622,South Dakota St.,16,64,64,46
2017,1234,1686,634,Northwestern,8,32,64,68
2017,1233,1685,615,Vanderbilt,9,64,64,66
2017,1232,1684,633,Notre Dame,5,32,64,60
2017,1231,1683,630,Princeton,12,64,64,58
2017,1230,1682,608,West Virginia,4,16,64,86
2017,1229,1681,668,Bucknell,13,64,64,80
2017,1228,1680,648,Maryland,6,64,64,65
2017,1227,1679,604,Xavier,11,8,64,76
2017,1226,1678,659,Florida St.,3,32,64,86
2017,1225,1677,660,Florida Gulf Coast,14,64,64,80
2017,1224,1676,626,Saint Mary's,7,32,64,85
2017,1223,1675,614,VCU,10,64,64,77
2017,1222,1674,671,Arizona,2,16,64,100
2017,1221,1673,636,North Dakota,15,64,64,82
2017,1220,1672,654,Kansas,1,8,64,100
2017,1219,1671,619,UC Davis,16,64,64,62
2017,1218,1670,647,Miami FL,8,64,64,58
2017,1217,1669,645,Michigan St.,9,32,64,78
2017,1216,1668,656,Iowa St.,5,32,64,84
2017,1215,1667,641,Nevada,12,64,64,73
2017,1214,1666,628,Purdue,4,16,64,80
2017,1213,1665,613,Vermont,13,64,64,70
2017,1212,1664,665,Creighton,6,64,64,72
2017,1211,1663,627,Rhode Island,11,32,64,84
2017,1210,1662,631,Oregon,3,4,64,93
2017,1209,1661,657,Iona,14,64,64,77
2017,1208,1660,646,Michigan,7,16,64,92
2017,1207,1659,632,Oklahoma St.,10,64,64,91
2017,1206,1658,650,Louisville,2,32,64,78
2017,1205,1657,655,Jacksonville St.,15,64,64,63
2017,1204,1656,638,North Carolina,1,1,64,103
2017,1203,1655,621,Texas Southern,16,64,64,64
2017,1202,1654,670,Arkansas,8,32,64,77
2017,1201,1653,625,Seton Hall,9,64,64,71
2017,1200,1652,643,Minnesota,5,64,64,72
2017,1199,1651,644,Middle Tennessee,12,32,64,81
2017,1198,1650,667,Butler,4,16,64,76
2017,1197,1649,606,Winthrop,13,64,64,64
2017,1196,816,666,Cincinnati,6,32,64,75
2017,1195,815,653,Kansas St.,11,64,64,61
2017,1194,814,618,UCLA,3,16,64,97
2017,1193,813,652,Kent St.,14,64,64,80
2017,1192,812,664,Dayton,7,64,64,58
2017,1191,811,607,Wichita St.,10,32,64,64
2017,1190,810,651,Kentucky,2,8,64,79
2017,1189,809,635,Northern Kentucky,15,64,64,70
2017,1188,808,612,Villanova,1,32,32,62
2017,1187,807,605,Wisconsin,8,16,32,65
2017,1186,806,611,Virginia,5,32,32,39
2017,1185,805,661,Florida,4,8,32,65
2017,1184,804,616,USC,11,32,32,78
2017,1183,803,669,Baylor,3,16,32,82
2017,1182,802,623,South Carolina,7,4,32,88
2017,1181,801,663,Duke,2,32,32,81
2017,1180,800,658,Gonzaga,1,2,32,79
2017,1179,799,634,Northwestern,8,32,32,73
2017,1178,798,633,Notre Dame,5,32,32,71
2017,1177,797,608,West Virginia,4,16,32,83
2017,1176,796,604,Xavier,11,8,32,91
2017,1175,795,659,Florida St.,3,32,32,66
2017,1174,794,626,Saint Mary's,7,32,32,60
2017,1173,793,671,Arizona,2,16,32,69
2017,1172,792,654,Kansas,1,8,32,90
2017,1171,791,645,Michigan St.,9,32,32,70
2017,1170,790,656,Iowa St.,5,32,32,76
2017,1169,789,628,Purdue,4,16,32,80
2017,1168,788,627,Rhode Island,11,32,32,72
2017,1167,787,631,Oregon,3,4,32,75
2017,1166,786,646,Michigan,7,16,32,73
2017,1165,785,650,Louisville,2,32,32,69
2017,1164,384,638,North Carolina,1,1,32,72
2017,1163,383,670,Arkansas,8,32,32,65
2017,1162,382,644,Middle Tennessee,12,32,32,65
2017,1161,381,667,Butler,4,16,32,74
2017,1160,380,666,Cincinnati,6,32,32,67
2017,1159,379,618,UCLA,3,16,32,79
2017,1158,378,607,Wichita St.,10,32,32,62
2017,1157,377,651,Kentucky,2,8,32,65
2017,1156,376,605,Wisconsin,8,16,16,83
2017,1155,375,661,Florida,4,8,16,84
2017,1154,374,669,Baylor,3,16,16,50
2017,1153,373,623,South Carolina,7,4,16,70
2017,1152,372,658,Gonzaga,1,2,16,61
2017,1151,371,608,West Virginia,4,16,16,58
2017,1150,370,604,Xavier,11,8,16,73
2017,1149,369,671,Arizona,2,16,16,71
2017,1148,176,654,Kansas,1,8,16,98
2017,1147,175,628,Purdue,4,16,16,66
2017,1146,174,631,Oregon,3,4,16,69
2017,1145,173,646,Michigan,7,16,16,68
2017,1144,172,638,North Carolina,1,1,16,92
2017,1143,171,667,Butler,4,16,16,80
2017,1142,170,618,UCLA,3,16,16,75
2017,1141,169,651,Kentucky,2,8,16,86
2017,1140,72,661,Florida,4,8,8,70
2017,1139,71,623,South Carolina,7,4,8,77
2017,1138,70,658,Gonzaga,1,2,8,83
2017,1137,69,604,Xavier,11,8,8,59
2017,1136,20,654,Kansas,1,8,8,60
2017,1135,19,631,Oregon,3,4,8,74
2016,1134,1648,638,North Carolina,1,1,8,75
2016,1133,1647,651,Kentucky,2,8,8,73
2016,1132,1646,623,South Carolina,7,4,4,73
2016,1131,1645,658,Gonzaga,1,2,4,77
2016,1130,1644,631,Oregon,3,4,4,76
2016,1129,1643,638,North Carolina,1,1,4,77
2016,1128,1642,658,Gonzaga,1,2,2,65
2016,1127,1641,638,North Carolina,1,1,2,71
2016,1126,1640,578,Kansas,1,8,64,105
2016,1125,1639,602,Austin Peay,16,64,64,79
2016,1124,1638,594,Colorado,8,64,64,67
2016,1123,1637,593,Connecticut,9,32,64,74
2016,1122,1636,575,Maryland,5,16,64,79
2016,1121,1635,559,South Dakota St.,12,64,64,74
2016,1120,1634,597,California,4,64,64,66
2016,1119,1633,584,Hawaii,13,32,64,77
2016,1118,1632,603,Arizona,6,64,64,55
2016,1117,1631,539,Wichita St.,11,32,64,65
2016,1116,1630,574,Miami FL,3,16,64,79
2016,1115,1629,600,Buffalo,14,64,64,72
2016,1114,1628,580,Iowa,7,32,64,72
2016,1113,1627,554,Temple,10,64,64,70
2016,1112,1626,543,Villanova,2,1,64,86
2016,1111,1625,549,UNC Asheville,15,64,64,56
2016,1110,1624,566,Oregon,1,8,64,91
2016,1109,1623,583,Holy Cross,16,64,64,52
2016,1108,1622,561,Saint Joseph's,8,32,64,78
2016,1107,1621,595,Cincinnati,9,64,64,76
2016,1106,1620,601,Baylor,5,64,64,75
2016,1105,1619,536,Yale,12,32,64,79
2016,1104,1618,591,Duke,4,16,64,93
2016,1103,1617,548,UNC Wilmington,13,64,64,85
2016,1102,1616,553,Texas,6,64,64,72
2016,1101,1615,569,Northern Iowa,11,32,64,75
2016,1100,1614,552,Texas A&M,3,16,64,92
2016,1099,1613,586,Green Bay,14,64,64,65
2016,1098,1612,565,Oregon St.,7,64,64,67
2016,1097,1611,544,VCU,10,32,64,75
2016,1096,1610,567,Oklahoma,2,4,64,82
2016,1095,1609,598,Cal St. Bakersfield,15,64,64,68
2016,1094,1608,570,North Carolina,1,2,64,83
2016,1093,1607,589,Florida Gulf Coast,16,64,64,67
2016,1092,1606,547,USC,8,64,64,69
2016,1091,1605,563,Providence,9,32,64,70
2016,1090,1604,582,Indiana,5,16,64,99
2016,1089,1603,596,Chattanooga,12,64,64,74
2016,1088,1602,577,Kentucky,4,32,64,85
2016,1087,1601,556,Stony Brook,13,64,64,57
2016,1086,1600,568,Notre Dame,6,8,64,70
2016,1085,1599,573,Michigan,11,64,64,63
2016,1084,1598,540,West Virginia,3,64,64,56
2016,1083,1597,557,Stephen F. Austin,14,32,64,70
2016,1082,1596,538,Wisconsin,7,16,64,47
2016,1081,1595,564,Pittsburgh,10,64,64,43
2016,1080,1594,537,Xavier,2,32,64,71
2016,1079,1593,541,Weber St.,15,64,64,53
2016,1078,1592,542,Virginia,1,8,64,81
2016,1077,1591,585,Hampton,16,64,64,45
2016,1076,1590,551,Texas Tech,8,64,64,61
2016,1075,1589,599,Butler,9,32,64,71
2016,1074,1588,562,Purdue,5,64,64,83
2016,1073,1587,576,Little Rock,12,32,64,85
2016,1072,1586,579,Iowa St.,4,16,64,94
2016,1071,1585,581,Iona,13,64,64,81
2016,1070,784,560,Seton Hall,6,64,64,52
2016,1069,783,587,Gonzaga,11,16,64,68
2016,1068,782,546,Utah,3,32,64,80
2016,1067,781,588,Fresno St.,14,64,64,69
2016,1066,780,592,Dayton,7,64,64,51
2016,1065,779,555,Syracuse,10,4,64,70
2016,1064,778,572,Michigan St.,2,64,64,81
2016,1063,777,571,Middle Tennessee,15,32,64,90
2016,1062,776,578,Kansas,1,8,32,73
2016,1061,775,593,Connecticut,9,32,32,61
2016,1060,774,575,Maryland,5,16,32,73
2016,1059,773,584,Hawaii,13,32,32,60
2016,1058,772,539,Wichita St.,11,32,32,57
2016,1057,771,574,Miami FL,3,16,32,65
2016,1056,770,580,Iowa,7,32,32,68
2016,1055,769,543,Villanova,2,1,32,87
2016,1054,768,566,Oregon,1,8,32,69
2016,1053,767,561,Saint Joseph's,8,32,32,64
2016,1052,766,536,Yale,12,32,32,64
2016,1051,765,591,Duke,4,16,32,71
2016,1050,764,569,Northern Iowa,11,32,32,88
2016,1049,763,552,Texas A&M,3,16,32,92
2016,1048,762,544,VCU,10,32,32,81
2016,1047,761,567,Oklahoma,2,4,32,85
2016,1046,760,570,North Carolina,1,2,32,85
2016,1045,759,563,Providence,9,32,32,66
2016,1044,758,582,Indiana,5,16,32,73
2016,1043,757,577,Kentucky,4,32,32,67
2016,1042,756,568,Notre Dame,6,8,32,76
2016,1041,755,557,Stephen F. Austin,14,32,32,75
2016,1040,754,538,Wisconsin,7,16,32,66
2016,1039,753,537,Xavier,2,32,32,63
2016,1038,368,542,Virginia,1,8,32,77
2016,1037,367,599,Butler,9,32,32,69
2016,1036,366,576,Little Rock,12,32,32,61
2016,1035,365,579,Iowa St.,4,16,32,78
2016,1034,364,587,Gonzaga,11,16,32,82
2016,1033,363,546,Utah,3,32,32,59
2016,1032,362,555,Syracuse,10,4,32,75
2016,1031,361,571,Middle Tennessee,15,32,32,50
2016,1030,360,578,Kansas,1,8,16,79
2016,1029,359,575,Maryland,5,16,16,63
2016,1028,358,574,Miami FL,3,16,16,69
2016,1027,357,543,Villanova,2,1,16,92
2016,1026,356,566,Oregon,1,8,16,82
2016,1025,355,591,Duke,4,16,16,68
2016,1024,354,552,Texas A&M,3,16,16,63
2016,1023,353,567,Oklahoma,2,4,16,77
2016,1022,168,570,North Carolina,1,2,16,101
2016,1021,167,582,Indiana,5,16,16,86
2016,1020,166,568,Notre Dame,6,8,16,61
2016,1019,165,538,Wisconsin,7,16,16,56
2016,1018,164,542,Virginia,1,8,16,84
2016,1017,163,579,Iowa St.,4,16,16,71
2016,1016,162,587,Gonzaga,11,16,16,60
2016,1015,161,555,Syracuse,10,4,16,63
2016,1014,68,578,Kansas,1,8,8,59
2016,1013,67,543,Villanova,2,1,8,64
2016,1012,66,566,Oregon,1,8,8,68
2016,1011,65,567,Oklahoma,2,4,8,80
2016,1010,18,570,North Carolina,1,2,8,88
2016,1009,17,568,Notre Dame,6,8,8,74
2015,1008,1584,542,Virginia,1,8,8,62
2015,1007,1583,555,Syracuse,10,4,8,68
2015,1006,1582,543,Villanova,2,1,4,95
2015,1005,1581,567,Oklahoma,2,4,4,51
2015,1004,1580,570,North Carolina,1,2,4,83
2015,1003,1579,555,Syracuse,10,4,4,66
2015,1002,1578,543,Villanova,2,1,2,77
2015,1001,1577,570,North Carolina,1,2,2,74
2015,1000,1576,510,Kentucky,1,4,64,79
2015,999,1575,516,Hampton,16,64,64,56
2015,998,1574,526,Cincinnati,8,32,64,66
2015,997,1573,489,Purdue,9,64,64,65
2015,996,1572,473,West Virginia,5,16,64,68
2015,995,1571,529,Buffalo,12,64,64,62
2015,994,1570,505,Maryland,4,32,64,65
2015,993,1569,477,Valparaiso,13,64,64,62
2015,992,1568,528,Butler,6,32,64,56
2015,991,1567,483,Texas,11,64,64,48
2015,990,1566,495,Notre Dame,3,8,64,69
2015,989,1565,497,Northeastern,14,64,64,65
2015,988,1564,472,Wichita St.,7,16,64,81
2015,987,1563,514,Indiana,10,64,64,76
2015,986,1562,511,Kansas,2,32,64,75
2015,985,1561,502,New Mexico St.,15,64,64,56
2015,984,1560,471,Wisconsin,1,2,64,86
2015,983,1559,525,Coastal Carolina,16,64,64,72
2015,982,1558,491,Oregon,8,32,64,79
2015,981,1557,492,Oklahoma St.,9,64,64,73
2015,980,1556,533,Arkansas,5,32,64,56
2015,979,1555,470,Wofford,12,64,64,53
2015,978,1554,501,North Carolina,4,16,64,67
2015,977,1553,515,Harvard,13,64,64,65
2015,976,1552,468,Xavier,6,16,64,76
2015,975,1551,503,Mississippi,11,64,64,57
2015,974,1550,532,Baylor,3,64,64,56
2015,973,1549,518,Georgia St.,14,32,64,57
2015,972,1548,476,VCU,7,64,64,72
2015,971,1547,494,Ohio St.,10,32,64,75
2015,970,1546,534,Arizona,2,8,64,93
2015,969,1545,482,Texas Southern,15,64,64,72
2015,968,1544,475,Villanova,1,32,64,93
2015,967,1543,509,Lafayette,16,64,64,52
2015,966,1542,500,North Carolina St.,8,16,64,66
2015,965,1541,507,LSU,9,64,64,65
2015,964,1540,496,Northern Iowa,5,32,64,71
2015,963,1539,469,Wyoming,12,64,64,54
2015,962,1538,508,Louisville,4,8,64,57
2015,961,1537,480,UC Irvine,13,64,64,55
2015,960,1536,490,Providence,6,64,64,53
2015,959,1535,523,Dayton,11,32,64,66
2015,958,1534,493,Oklahoma,3,16,64,69
2015,957,1533,535,Albany,14,64,64,60
2015,956,1532,504,Michigan St.,7,4,64,70
2015,955,1531,519,Georgia,10,64,64,63
2015,954,1530,474,Virginia,2,32,64,79
2015,953,1529,531,Belmont,15,64,64,67
2015,952,1528,522,Duke,1,1,64,85
2015,951,1527,488,Robert Morris,16,64,64,56
2015,950,1526,487,San Diego St.,8,32,64,76
2015,949,1525,485,St. John's,9,64,64,64
2015,948,1524,478,Utah,5,16,64,57
2015,947,1523,484,Stephen F. Austin,12,64,64,50
2015,946,1522,520,Georgetown,4,32,64,84
2015,945,1521,521,Eastern Washington,13,64,64,74
2015,944,752,486,SMU,6,64,64,59
2015,943,751,479,UCLA,11,16,64,60
2015,942,750,512,Iowa St.,3,64,64,59
2015,941,749,481,UAB,14,32,64,60
2015,940,748,513,Iowa,7,32,64,83
2015,939,747,524,Davidson,10,64,64,52
2015,938,746,517,Gonzaga,2,8,64,86
2015,937,745,499,North Dakota St.,15,64,64,76
2015,936,744,510,Kentucky,1,4,32,64
2015,935,743,526,Cincinnati,8,32,32,51
2015,934,742,473,West Virginia,5,16,32,69
2015,933,741,505,Maryland,4,32,32,59
2015,932,740,528,Butler,6,32,32,64
2015,931,739,495,Notre Dame,3,8,32,67
2015,930,738,472,Wichita St.,7,16,32,78
2015,929,737,511,Kansas,2,32,32,65
2015,928,736,471,Wisconsin,1,2,32,72
2015,927,735,491,Oregon,8,32,32,65
2015,926,734,533,Arkansas,5,32,32,78
2015,925,733,501,North Carolina,4,16,32,87
2015,924,732,468,Xavier,6,16,32,75
2015,923,731,518,Georgia St.,14,32,32,67
2015,922,730,494,Ohio St.,10,32,32,58
2015,921,729,534,Arizona,2,8,32,73
2015,920,728,475,Villanova,1,32,32,68
2015,919,727,500,North Carolina St.,8,16,32,71
2015,918,726,496,Northern Iowa,5,32,32,53
2015,917,725,508,Louisville,4,8,32,66
2015,916,724,523,Dayton,11,32,32,66
2015,915,723,493,Oklahoma,3,16,32,72
2015,914,722,504,Michigan St.,7,4,32,60
2015,913,721,474,Virginia,2,32,32,54
2015,912,352,522,Duke,1,1,32,68
2015,911,351,487,San Diego St.,8,32,32,49
2015,910,350,478,Utah,5,16,32,75
2015,909,349,520,Georgetown,4,32,32,64
2015,908,348,479,UCLA,11,16,32,92
2015,907,347,481,UAB,14,32,32,75
2015,906,346,513,Iowa,7,32,32,68
2015,905,345,517,Gonzaga,2,8,32,87
2015,904,344,510,Kentucky,1,4,16,78
2015,903,343,473,West Virginia,5,16,16,39
2015,902,342,495,Notre Dame,3,8,16,81
2015,901,341,472,Wichita St.,7,16,16,70
2015,900,340,471,Wisconsin,1,2,16,79
2015,899,339,501,North Carolina,4,16,16,72
2015,898,338,468,Xavier,6,16,16,60
2015,897,337,534,Arizona,2,8,16,68
2015,896,160,500,North Carolina St.,8,16,16,65
2015,895,159,508,Louisville,4,8,16,75
2015,894,158,493,Oklahoma,3,16,16,58
2015,893,157,504,Michigan St.,7,4,16,62
2015,892,156,522,Duke,1,1,16,63
2015,891,155,478,Utah,5,16,16,57
2015,890,154,479,UCLA,11,16,16,62
2015,889,153,517,Gonzaga,2,8,16,74
2015,888,64,510,Kentucky,1,4,8,68
2015,887,63,495,Notre Dame,3,8,8,66
2015,886,62,471,Wisconsin,1,2,8,85
2015,885,61,534,Arizona,2,8,8,78
2015,884,16,508,Louisville,4,8,8,70
2015,883,15,504,Michigan St.,7,4,8,76
2014,882,1520,522,Duke,1,1,8,66
2014,881,1519,517,Gonzaga,2,8,8,52
2014,880,1518,510,Kentucky,1,4,4,64
2014,879,1517,471,Wisconsin,1,2,4,71
2014,878,1516,504,Michigan St.,7,4,4,61
2014,877,1515,522,Duke,1,1,4,81
2014,876,1514,471,Wisconsin,1,2,2,63
2014,875,1513,522,Duke,1,1,2,68
2014,874,1512,451,Florida,1,4,64,67
2014,873,1511,467,Albany,16,64,64,55
2014,872,1510,458,Colorado,8,64,64,48
2014,871,1509,421,Pittsburgh,9,32,64,77
2014,870,1508,408,VCU,5,64,64,75
2014,869,1507,415,Stephen F. Austin,12,32,64,77
2014,868,1506,409,UCLA,4,16,64,76
2014,867,1505,410,Tulsa,13,64,64,59
2014,866,1504,425,Ohio St.,6,64,64,59
2014,865,1503,455,Dayton,11,8,64,60
2014,864,1502,414,Syracuse,3,32,64,77
2014,863,1501,404,Western Michigan,14,64,64,53
2014,862,1500,431,New Mexico,7,64,64,53
2014,861,1499,416,Stanford,10,16,64,58
2014,860,1498,445,Kansas,2,32,64,80
2014,859,1497,452,Eastern Kentucky,15,64,64,69
2014,858,1496,406,Virginia,1,16,64,70
2014,857,1495,459,Coastal Carolina,16,64,64,59
2014,856,1494,438,Memphis,8,32,64,71
2014,855,1493,450,George Washington,9,64,64,66
2014,854,1492,460,Cincinnati,5,64,64,57
2014,853,1491,448,Harvard,12,32,64,61
2014,852,1490,435,Michigan St.,4,8,64,93
2014,851,1489,454,Delaware,13,64,64,78
2014,850,1488,429,North Carolina,6,32,64,79
2014,849,1487,420,Providence,11,64,64,77
2014,848,1486,446,Iowa St.,3,16,64,93
2014,847,1485,428,North Carolina Central,14,64,64,75
2014,846,1484,457,Connecticut,7,1,64,89
2014,845,1483,419,Saint Joseph's,10,64,64,81
2014,844,1482,407,Villanova,2,32,64,73
2014,843,1481,434,Milwaukee,15,64,64,53
2014,842,1480,465,Arizona,1,8,64,68
2014,841,1479,405,Weber St.,16,64,64,59
2014,840,1478,449,Gonzaga,8,32,64,85
2014,839,1477,423,Oklahoma St.,9,64,64,77
2014,838,1476,424,Oklahoma,5,64,64,75
2014,837,1475,426,North Dakota St.,12,32,64,80
2014,836,1474,417,San Diego St.,4,16,64,73
2014,835,1473,430,New Mexico St.,13,64,64,69
2014,834,1472,463,Baylor,6,16,64,74
2014,833,1471,432,Nebraska,11,64,64,60
2014,832,1470,456,Creighton,3,32,64,76
2014,831,1469,442,Louisiana Lafayette,14,64,64,66
2014,830,1468,422,Oregon,7,32,64,87
2014,829,1467,462,BYU,10,64,64,68
2014,828,1466,402,Wisconsin,2,4,64,75
2014,827,1465,466,American,15,64,64,35
2014,826,1464,403,Wichita St.,1,32,64,64
2014,825,1463,461,Cal Poly,16,64,64,37
2014,824,1462,443,Kentucky,8,2,64,56
2014,823,1461,444,Kansas St.,9,64,64,49
2014,822,1460,418,Saint Louis,5,32,64,83
2014,821,1459,427,North Carolina St.,12,64,64,80
2014,820,1458,441,Louisville,4,16,64,71
2014,819,1457,440,Manhattan,13,64,64,64
2014,818,720,439,Massachusetts,6,64,64,67
2014,817,719,413,Tennessee,11,16,64,86
2014,816,718,453,Duke,3,64,64,71
2014,815,717,437,Mercer,14,32,64,78
2014,814,716,412,Texas,7,32,64,87
2014,813,715,464,Arizona St.,10,64,64,85
2014,812,714,436,Michigan,2,8,64,57
2014,811,713,401,Wofford,15,64,64,40
2014,810,712,451,Florida,1,4,32,61
2014,809,711,421,Pittsburgh,9,32,32,45
2014,808,710,415,Stephen F. Austin,12,32,32,60
2014,807,709,409,UCLA,4,16,32,77
2014,806,708,455,Dayton,11,8,32,55
2014,805,707,414,Syracuse,3,32,32,53
2014,804,706,416,Stanford,10,16,32,60
2014,803,705,445,Kansas,2,32,32,57
2014,802,704,406,Virginia,1,16,32,78
2014,801,703,438,Memphis,8,32,32,60
2014,800,702,448,Harvard,12,32,32,73
2014,799,701,435,Michigan St.,4,8,32,80
2014,798,700,429,North Carolina,6,32,32,83
2014,797,699,446,Iowa St.,3,16,32,85
2014,796,698,457,Connecticut,7,1,32,77
2014,795,697,407,Villanova,2,32,32,65
2014,794,696,465,Arizona,1,8,32,84
2014,793,695,449,Gonzaga,8,32,32,61
2014,792,694,426,North Dakota St.,12,32,32,44
2014,791,693,417,San Diego St.,4,16,32,63
2014,790,692,463,Baylor,6,16,32,85
2014,789,691,456,Creighton,3,32,32,55
2014,788,690,422,Oregon,7,32,32,77
2014,787,689,402,Wisconsin,2,4,32,85
2014,786,336,403,Wichita St.,1,32,32,76
2014,785,335,443,Kentucky,8,2,32,78
2014,784,334,418,Saint Louis,5,32,32,51
2014,783,333,441,Louisville,4,16,32,66
2014,782,332,413,Tennessee,11,16,32,83
2014,781,331,437,Mercer,14,32,32,63
2014,780,330,412,Texas,7,32,32,65
2014,779,329,436,Michigan,2,8,32,79
2014,778,328,451,Florida,1,4,16,79
2014,777,327,409,UCLA,4,16,16,68
2014,776,326,455,Dayton,11,8,16,82
2014,775,325,416,Stanford,10,16,16,72
2014,774,324,406,Virginia,1,16,16,59
2014,773,323,435,Michigan St.,4,8,16,61
2014,772,322,446,Iowa St.,3,16,16,76
2014,771,321,457,Connecticut,7,1,16,81
2014,770,152,465,Arizona,1,8,16,70
2014,769,151,417,San Diego St.,4,16,16,64
2014,768,150,463,Baylor,6,16,16,52
2014,767,149,402,Wisconsin,2,4,16,69
2014,766,148,443,Kentucky,8,2,16,74
2014,765,147,441,Louisville,4,16,16,69
2014,764,146,413,Tennessee,11,16,16,71
2014,763,145,436,Michigan,2,8,16,73
2014,762,60,451,Florida,1,4,8,62
2014,761,59,455,Dayton,11,8,8,52
2014,760,58,435,Michigan St.,4,8,8,54
2014,759,57,457,Connecticut,7,1,8,60
2014,758,14,465,Arizona,1,8,8,63
2014,757,13,402,Wisconsin,2,4,8,64
2013,756,1456,443,Kentucky,8,2,8,75
2013,755,1455,436,Michigan,2,8,8,72
2013,754,1454,451,Florida,1,4,4,53
2013,753,1453,457,Connecticut,7,1,4,63
2013,752,1452,402,Wisconsin,2,4,4,73
2013,751,1451,443,Kentucky,8,2,4,74
2013,750,1450,457,Connecticut,7,1,2,60
2013,749,1449,443,Kentucky,8,2,2,54
2013,748,1448,370,Louisville,1,1,64,79
2013,747,1447,356,North Carolina A&T,16,64,64,48
2013,746,1446,389,Colorado St.,8,32,64,84
2013,745,1445,361,Missouri,9,64,64,72
2013,744,1444,350,Oklahoma St.,5,64,64,55
2013,743,1443,349,Oregon,12,16,64,68
2013,742,1442,346,Saint Louis,4,32,64,64
2013,741,1441,358,New Mexico St.,13,64,64,44
2013,740,1440,368,Memphis,6,32,64,54
2013,739,1439,345,Saint Mary's,11,64,64,52
2013,738,1438,365,Michigan St.,3,16,64,65
2013,737,1437,337,Valparaiso,14,64,64,54
2013,736,1436,388,Creighton,7,32,64,67
2013,735,1435,391,Cincinnati,10,64,64,63
2013,734,1434,386,Duke,2,8,64,73
2013,733,1433,398,Albany,15,64,64,61
2013,732,1432,382,Gonzaga,1,32,64,64
2013,731,1431,342,Southern,16,64,64,58
2013,730,1430,347,Pittsburgh,8,64,64,55
2013,729,1429,333,Wichita St.,9,4,64,73
2013,728,1428,332,Wisconsin,5,64,64,46
2013,727,1427,362,Mississippi,12,32,64,57
2013,726,1426,374,Kansas St.,4,64,64,61
2013,725,1425,373,La Salle,13,16,64,63
2013,724,1424,397,Arizona,6,16,64,81
2013,723,1423,396,Belmont,11,64,64,64
2013,722,1422,359,New Mexico,3,64,64,62
2013,721,1421,381,Harvard,14,32,64,68
2013,720,1420,353,Notre Dame,7,64,64,58
2013,719,1419,377,Iowa St.,10,32,64,76
2013,718,1418,352,Ohio St.,2,8,64,95
2013,717,1417,378,Iona,15,64,64,70
2013,716,1416,375,Kansas,1,16,64,64
2013,715,1415,334,Western Kentucky,16,64,64,57
2013,714,1414,357,North Carolina,8,32,64,78
2013,713,1413,335,Villanova,9,64,64,71
2013,712,1412,336,VCU,5,32,64,88
2013,711,1411,399,Akron,12,64,64,42
2013,710,1410,366,Michigan,4,2,64,71
2013,709,1409,343,South Dakota St.,13,64,64,56
2013,708,1408,339,UCLA,6,64,64,63
2013,707,1407,363,Minnesota,11,32,64,83
2013,706,1406,385,Florida,3,8,64,79
2013,705,1405,354,Northwestern St.,14,64,64,47
2013,704,1404,344,San Diego St.,7,32,64,70
2013,703,1403,351,Oklahoma,10,64,64,55
2013,702,1402,383,Georgetown,2,64,64,68
2013,701,1401,384,Florida Gulf Coast,15,16,64,78
2013,700,1400,379,Indiana,1,16,64,83
2013,699,1399,376,James Madison,16,64,64,62
2013,698,1398,355,North Carolina St.,8,64,64,72
2013,697,1397,340,Temple,9,32,64,76
2013,696,1396,338,UNLV,5,64,64,61
2013,695,1395,392,California,12,32,64,64
2013,694,1394,341,Syracuse,4,4,64,81
2013,693,1393,360,Montana,13,64,64,34
2013,692,688,393,Butler,6,32,64,68
2013,691,687,394,Bucknell,11,64,64,56
2013,690,686,369,Marquette,3,8,64,59
2013,689,685,387,Davidson,14,64,64,58
2013,688,684,380,Illinois,7,32,64,57
2013,687,683,390,Colorado,10,64,64,49
2013,686,682,367,Miami FL,2,16,64,78
2013,685,681,348,Pacific,15,64,64,49
2013,684,680,370,Louisville,1,1,32,82
2013,683,679,389,Colorado St.,8,32,32,56
2013,682,678,349,Oregon,12,16,32,74
2013,681,677,346,Saint Louis,4,32,32,57
2013,680,676,368,Memphis,6,32,32,48
2013,679,675,365,Michigan St.,3,16,32,70
2013,678,674,388,Creighton,7,32,32,50
2013,677,673,386,Duke,2,8,32,66
2013,676,672,382,Gonzaga,1,32,32,70
2013,675,671,333,Wichita St.,9,4,32,76
2013,674,670,362,Mississippi,12,32,32,74
2013,673,669,373,La Salle,13,16,32,76
2013,672,668,397,Arizona,6,16,32,74
2013,671,667,381,Harvard,14,32,32,51
2013,670,666,377,Iowa St.,10,32,32,75
2013,669,665,352,Ohio St.,2,8,32,78
2013,668,664,375,Kansas,1,16,32,70
2013,667,663,357,North Carolina,8,32,32,58
2013,666,662,336,VCU,5,32,32,53
2013,665,661,366,Michigan,4,2,32,78
2013,664,660,363,Minnesota,11,32,32,64
2013,663,659,385,Florida,3,8,32,78
2013,662,658,344,San Diego St.,7,32,32,71
2013,661,657,384,Florida Gulf Coast,15,16,32,81
2013,660,320,379,Indiana,1,16,32,58
2013,659,319,340,Temple,9,32,32,52
2013,658,318,392,California,12,32,32,60
2013,657,317,341,Syracuse,4,4,32,66
2013,656,316,393,Butler,6,32,32,72
2013,655,315,369,Marquette,3,8,32,74
2013,654,314,380,Illinois,7,32,32,59
2013,653,313,367,Miami FL,2,16,32,63
2013,652,312,370,Louisville,1,1,16,77
2013,651,311,349,Oregon,12,16,16,69
2013,650,310,365,Michigan St.,3,16,16,61
2013,649,309,386,Duke,2,8,16,71
2013,648,308,333,Wichita St.,9,4,16,72
2013,647,307,373,La Salle,13,16,16,58
2013,646,306,397,Arizona,6,16,16,70
2013,645,305,352,Ohio St.,2,8,16,73
2013,644,144,375,Kansas,1,16,16,85
2013,643,143,366,Michigan,4,2,16,87
2013,642,142,385,Florida,3,8,16,62
2013,641,141,384,Florida Gulf Coast,15,16,16,50
2013,640,140,379,Indiana,1,16,16,50
2013,639,139,341,Syracuse,4,4,16,61
2013,638,138,369,Marquette,3,8,16,71
2013,637,137,367,Miami FL,2,16,16,61
2013,636,56,370,Louisville,1,1,8,85
2013,635,55,386,Duke,2,8,8,63
2013,634,54,333,Wichita St.,9,4,8,70
2013,633,53,352,Ohio St.,2,8,8,66
2013,632,12,366,Michigan,4,2,8,79
2013,631,11,385,Florida,3,8,8,59
2012,630,1392,341,Syracuse,4,4,8,55
2012,629,1391,369,Marquette,3,8,8,39
2012,628,1390,370,Louisville,1,1,4,72
2012,627,1389,333,Wichita St.,9,4,4,68
2012,626,1388,366,Michigan,4,2,4,61
2012,625,1387,341,Syracuse,4,4,4,56
2012,624,1386,370,Louisville,1,1,2,82
2012,623,1385,366,Michigan,4,2,2,76
2012,622,1384,308,Kentucky,1,1,64,81
2012,621,1383,267,Western Kentucky,16,64,64,66
2012,620,1382,311,Iowa St.,8,32,64,77
2012,619,1381,323,Connecticut,9,64,64,64
2012,618,1380,266,Wichita St.,5,64,64,59
2012,617,1379,271,VCU,12,32,64,62
2012,616,1378,313,Indiana,4,16,64,79
2012,615,1377,292,New Mexico St.,13,64,64,66
2012,614,1376,273,UNLV,6,64,64,64
2012,613,1375,325,Colorado,11,32,64,68
2012,612,1374,330,Baylor,3,8,64,68
2012,611,1373,281,South Dakota St.,14,64,64,60
2012,610,1372,288,Notre Dame,7,64,64,63
2012,609,1371,264,Xavier,10,16,64,67
2012,608,1370,319,Duke,2,64,64,70
2012,607,1369,306,Lehigh,15,32,64,75
2012,606,1368,298,Michigan St.,1,16,64,89
2012,605,1367,305,LIU Brooklyn,16,64,64,67
2012,604,1366,300,Memphis,8,64,64,54
2012,603,1365,284,Saint Louis,9,32,64,61
2012,602,1364,293,New Mexico,5,32,64,75
2012,601,1363,304,Long Beach St.,12,64,64,68
2012,600,1362,303,Louisville,4,4,64,69
2012,599,1361,321,Davidson,13,64,64,62
2012,598,1360,294,Murray St.,6,32,64,58
2012,597,1359,324,Colorado St.,11,64,64,41
2012,596,1358,301,Marquette,3,16,64,88
2012,595,1357,328,BYU,14,64,64,68
2012,594,1356,318,Florida,7,8,64,71
2012,593,1355,269,Virginia,10,64,64,45
2012,592,1354,296,Missouri,2,64,64,84
2012,591,1353,291,Norfolk St.,15,32,64,86
2012,590,1352,277,Syracuse,1,8,64,72
2012,589,1351,274,UNC Asheville,16,64,64,65
2012,588,1350,309,Kansas St.,8,32,64,70
2012,587,1349,279,Southern Miss,9,64,64,64
2012,586,1348,272,Vanderbilt,5,32,64,79
2012,585,1347,314,Harvard,12,64,64,70
2012,584,1346,265,Wisconsin,4,16,64,73
2012,583,1345,295,Montana,13,64,64,49
2012,582,1344,326,Cincinnati,6,16,64,65
2012,581,1343,275,Texas,11,64,64,59
2012,580,1342,317,Florida St.,3,32,64,66
2012,579,1341,278,St. Bonaventure,14,64,64,63
2012,578,1340,315,Gonzaga,7,32,64,77
2012,577,1339,268,West Virginia,10,64,64,54
2012,576,1338,286,Ohio St.,2,4,64,78
2012,575,1337,302,Loyola MD,15,64,64,59
2012,574,1336,290,North Carolina,1,8,64,77
2012,573,1335,270,Vermont,16,64,64,58
2012,572,1334,322,Creighton,8,32,64,58
2012,571,1333,331,Alabama,9,64,64,57
2012,570,1332,276,Temple,5,64,64,44
2012,569,1331,280,South Florida,12,32,64,58
2012,568,1330,299,Michigan,4,64,64,60
2012,567,1329,287,Ohio,13,16,64,65
2012,566,656,282,San Diego St.,6,64,64,65
2012,565,655,289,North Carolina St.,11,16,64,79
2012,564,654,316,Georgetown,3,32,64,74
2012,563,653,329,Belmont,14,64,64,59
2012,562,652,283,Saint Mary's,7,64,64,69
2012,561,651,285,Purdue,10,32,64,72
2012,560,650,310,Kansas,2,2,64,65
2012,559,649,320,Detroit,15,64,64,50
2012,558,648,308,Kentucky,1,1,32,87
2012,557,647,311,Iowa St.,8,32,32,71
2012,556,646,271,VCU,12,32,32,61
2012,555,645,313,Indiana,4,16,32,63
2012,554,644,325,Colorado,11,32,32,63
2012,553,643,330,Baylor,3,8,32,80
2012,552,642,264,Xavier,10,16,32,70
2012,551,641,306,Lehigh,15,32,32,58
2012,550,640,298,Michigan St.,1,16,32,65
2012,549,639,284,Saint Louis,9,32,32,61
2012,548,638,293,New Mexico,5,32,32,56
2012,547,637,303,Louisville,4,4,32,59
2012,546,636,294,Murray St.,6,32,32,53
2012,545,635,301,Marquette,3,16,32,62
2012,544,634,318,Florida,7,8,32,84
2012,543,633,291,Norfolk St.,15,32,32,50
2012,542,632,277,Syracuse,1,8,32,75
2012,541,631,309,Kansas St.,8,32,32,59
2012,540,630,272,Vanderbilt,5,32,32,57
2012,539,629,265,Wisconsin,4,16,32,60
2012,538,628,326,Cincinnati,6,16,32,62
2012,537,627,317,Florida St.,3,32,32,56
2012,536,626,315,Gonzaga,7,32,32,66
2012,535,625,286,Ohio St.,2,4,32,73
2012,534,304,290,North Carolina,1,8,32,87
2012,533,303,322,Creighton,8,32,32,73
2012,532,302,280,South Florida,12,32,32,56
2012,531,301,287,Ohio,13,16,32,62
2012,530,300,289,North Carolina St.,11,16,32,66
2012,529,299,316,Georgetown,3,32,32,63
2012,528,298,285,Purdue,10,32,32,60
2012,527,297,310,Kansas,2,2,32,63
2012,526,296,308,Kentucky,1,1,16,102
2012,525,295,313,Indiana,4,16,16,90
2012,524,294,330,Baylor,3,8,16,75
2012,523,293,264,Xavier,10,16,16,70
2012,522,292,298,Michigan St.,1,16,16,44
2012,521,291,303,Louisville,4,4,16,57
2012,520,290,301,Marquette,3,16,16,58
2012,519,289,318,Florida,7,8,16,68
2012,518,136,277,Syracuse,1,8,16,64
2012,517,135,265,Wisconsin,4,16,16,63
2012,516,134,326,Cincinnati,6,16,16,66
2012,515,133,286,Ohio St.,2,4,16,81
2012,514,132,290,North Carolina,1,8,16,73
2012,513,131,287,Ohio,13,16,16,65
2012,512,130,289,North Carolina St.,11,16,16,57
2012,511,129,310,Kansas,2,2,16,60
2012,510,52,308,Kentucky,1,1,8,82
2012,509,51,330,Baylor,3,8,8,70
2012,508,50,303,Louisville,4,4,8,72
2012,507,49,318,Florida,7,8,8,68
2012,506,10,277,Syracuse,1,8,8,70
2012,505,9,286,Ohio St.,2,4,8,77
2011,504,1328,290,North Carolina,1,8,8,67
2011,503,1327,310,Kansas,2,2,8,80
2011,502,1326,308,Kentucky,1,1,4,69
2011,501,1325,303,Louisville,4,4,4,61
2011,500,1324,286,Ohio St.,2,4,4,62
2011,499,1323,310,Kansas,2,2,4,64
2011,498,1322,308,Kentucky,1,1,2,67
2011,497,1321,310,Kansas,2,2,2,59
2011,496,1320,226,Ohio St.,1,16,64,75
2011,495,1319,204,UTSA,16,64,64,46
2011,494,1318,249,George Mason,8,32,64,61
2011,493,1317,201,Villanova,9,64,64,57
2011,492,1316,199,West Virginia,5,32,64,84
2011,491,1315,254,Clemson,12,64,64,76
2011,490,1314,240,Kentucky,4,4,64,59
2011,489,1313,222,Princeton,13,64,64,57
2011,488,1312,196,Xavier,6,64,64,55
2011,487,1311,236,Marquette,11,16,64,66
2011,486,1310,216,Syracuse,3,32,64,77
2011,485,1309,243,Indiana St.,14,64,64,60
2011,484,1308,200,Washington,7,32,64,68
2011,483,1307,247,Georgia,10,64,64,65
2011,482,1306,230,North Carolina,2,8,64,102
2011,481,1305,238,LIU Brooklyn,15,64,64,87
2011,480,1304,252,Duke,1,16,64,87
2011,479,1303,245,Hampton,16,64,64,45
2011,478,1302,234,Michigan,8,32,64,75
2011,477,1301,214,Tennessee,9,64,64,45
2011,476,1300,261,Arizona,5,8,64,77
2011,475,1299,235,Memphis,12,64,64,75
2011,474,1298,213,Texas,4,32,64,85
2011,473,1297,227,Oakland,13,64,64,81
2011,472,1296,255,Cincinnati,6,32,64,78
2011,471,1295,232,Missouri,11,64,64,63
2011,470,1294,253,Connecticut,3,1,64,81
2011,469,1293,258,Bucknell,14,64,64,52
2011,468,1292,215,Temple,7,32,64,66
2011,467,1291,224,Penn St.,10,64,64,64
2011,466,1290,218,San Diego St.,2,16,64,68
2011,465,1289,229,Northern Colorado,15,64,64,50
2011,464,1288,242,Kansas,1,8,64,72
2011,463,1287,259,Boston University,16,64,64,53
2011,462,1286,207,UNLV,8,64,64,62
2011,461,1285,244,Illinois,9,32,64,73
2011,460,1284,203,Vanderbilt,5,64,64,66
2011,459,1283,220,Richmond,12,16,64,69
2011,458,1282,237,Louisville,4,64,64,61
2011,457,1281,231,Morehead St.,13,32,64,62
2011,456,1280,248,Georgetown,6,64,64,56
2011,455,1279,202,VCU,11,4,64,74
2011,454,1278,221,Purdue,3,32,64,65
2011,453,1277,219,Saint Peter's,14,64,64,43
2011,452,1276,212,Texas A&M,7,64,64,50
2011,451,1275,250,Florida St.,10,16,64,57
2011,450,1274,228,Notre Dame,2,32,64,69
2011,449,1273,263,Akron,15,64,64,56
2011,448,1272,223,Pittsburgh,1,32,64,74
2011,447,1271,208,UNC Asheville,16,64,64,51
2011,446,1270,257,Butler,8,2,64,60
2011,445,1269,225,Old Dominion,9,64,64,58
2011,444,1268,241,Kansas St.,5,32,64,73
2011,443,1267,205,Utah St.,12,64,64,68
2011,442,1266,198,Wisconsin,4,16,64,72
2011,441,1265,260,Belmont,13,64,64,58
2011,440,624,217,St. John's,6,64,64,71
2011,439,623,246,Gonzaga,11,32,64,86
2011,438,622,256,BYU,3,16,64,74
2011,437,621,197,Wofford,14,64,64,66
2011,436,620,209,UCLA,7,32,64,78
2011,435,619,233,Michigan St.,10,64,64,76
2011,434,618,251,Florida,2,8,64,79
2011,433,617,210,UC Santa Barbara,15,64,64,51
2011,432,616,226,Ohio St.,1,16,32,98
2011,431,615,249,George Mason,8,32,32,66
2011,430,614,199,West Virginia,5,32,32,63
2011,429,613,240,Kentucky,4,4,32,71
2011,428,612,236,Marquette,11,16,32,66
2011,427,611,216,Syracuse,3,32,32,62
2011,426,610,200,Washington,7,32,32,83
2011,425,609,230,North Carolina,2,8,32,86
2011,424,608,252,Duke,1,16,32,73
2011,423,607,234,Michigan,8,32,32,71
2011,422,606,261,Arizona,5,8,32,70
2011,421,605,213,Texas,4,32,32,69
2011,420,604,255,Cincinnati,6,32,32,58
2011,419,603,253,Connecticut,3,1,32,69
2011,418,602,215,Temple,7,32,32,64
2011,417,601,218,San Diego St.,2,16,32,71
2011,416,600,242,Kansas,1,8,32,73
2011,415,599,244,Illinois,9,32,32,59
2011,414,598,220,Richmond,12,16,32,65
2011,413,597,231,Morehead St.,13,32,32,48
2011,412,596,202,VCU,11,4,32,94
2011,411,595,221,Purdue,3,32,32,76
2011,410,594,250,Florida St.,10,16,32,71
2011,409,593,228,Notre Dame,2,32,32,57
2011,408,288,223,Pittsburgh,1,32,32,70
2011,407,287,257,Butler,8,2,32,71
2011,406,286,241,Kansas St.,5,32,32,65
2011,405,285,198,Wisconsin,4,16,32,70
2011,404,284,246,Gonzaga,11,32,32,67
2011,403,283,256,BYU,3,16,32,89
2011,402,282,209,UCLA,7,32,32,65
2011,401,281,251,Florida,2,8,32,73
2011,400,280,226,Ohio St.,1,16,16,60
2011,399,279,240,Kentucky,4,4,16,62
2011,398,278,236,Marquette,11,16,16,63
2011,397,277,230,North Carolina,2,8,16,81
2011,396,276,252,Duke,1,16,16,77
2011,395,275,261,Arizona,5,8,16,93
2011,394,274,253,Connecticut,3,1,16,74
2011,393,273,218,San Diego St.,2,16,16,67
2011,392,128,242,Kansas,1,8,16,77
2011,391,127,220,Richmond,12,16,16,57
2011,390,126,202,VCU,11,4,16,72
2011,389,125,250,Florida St.,10,16,16,71
2011,388,124,257,Butler,8,2,16,61
2011,387,123,198,Wisconsin,4,16,16,54
2011,386,122,256,BYU,3,16,16,74
2011,385,121,251,Florida,2,8,16,83
2011,384,48,240,Kentucky,4,4,8,76
2011,383,47,230,North Carolina,2,8,8,69
2011,382,46,261,Arizona,5,8,8,63
2011,381,45,253,Connecticut,3,1,8,65
2011,380,8,242,Kansas,1,8,8,61
2011,379,7,202,VCU,11,4,8,71
2010,378,1264,257,Butler,8,2,8,74
2010,377,1263,251,Florida,2,8,8,71
2010,376,1262,240,Kentucky,4,4,4,55
2010,375,1261,253,Connecticut,3,1,4,56
2010,374,1260,202,VCU,11,4,4,62
2010,373,1259,257,Butler,8,2,4,70
2010,372,1258,253,Connecticut,3,1,2,53
2010,371,1257,257,Butler,8,2,2,41
2010,370,1256,180,Kansas,1,32,64,90
2010,369,1255,177,Lehigh,16,64,64,74
2010,368,1254,143,UNLV,8,64,64,66
2010,367,1253,164,Northern Iowa,9,16,64,69
2010,366,1252,173,Michigan St.,5,4,64,70
2010,365,1251,166,New Mexico St.,12,64,64,67
2010,364,1250,174,Maryland,4,32,64,89
2010,363,1249,181,Houston,13,64,64,77
2010,362,1248,147,Tennessee,6,8,64,62
2010,361,1247,151,San Diego St.,11,64,64,59
2010,360,1246,184,Georgetown,3,64,64,83
2010,359,1245,161,Ohio,14,32,64,97
2010,358,1244,159,Oklahoma St.,7,64,64,59
2010,357,1243,183,Georgia Tech,10,32,64,64
2010,356,1242,160,Ohio St.,2,16,64,68
2010,355,1241,144,UC Santa Barbara,15,64,64,51
2010,354,1240,149,Syracuse,1,16,64,79
2010,353,1239,139,Vermont,16,64,64,56
2010,352,1238,182,Gonzaga,8,32,64,67
2010,351,1237,185,Florida St.,9,64,64,60
2010,350,1236,193,Butler,5,2,64,77
2010,349,1235,141,UTEP,12,64,64,59
2010,348,1234,140,Vanderbilt,4,64,64,65
2010,347,1233,168,Murray St.,13,32,64,66
2010,346,1232,131,Xavier,6,16,64,65
2010,345,1231,172,Minnesota,11,64,64,54
2010,344,1230,157,Pittsburgh,3,32,64,89
2010,343,1229,162,Oakland,14,64,64,66
2010,342,1228,192,BYU,7,32,64,99
2010,341,1227,186,Florida,10,64,64,92
2010,340,1226,179,Kansas St.,2,8,64,82
2010,339,1225,165,North Texas,15,64,64,62
2010,338,1224,178,Kentucky,1,8,64,100
2010,337,1223,187,East Tennessee St.,16,64,64,71
2010,336,1222,146,Texas,8,64,64,80
2010,335,1221,137,Wake Forest,9,32,64,81
2010,334,1220,148,Temple,5,64,64,65
2010,333,1219,189,Cornell,12,16,64,78
2010,332,1218,133,Wisconsin,4,32,64,53
2010,331,1217,132,Wofford,13,64,64,49
2010,330,1216,175,Marquette,6,64,64,78
2010,329,1215,136,Washington,11,16,64,80
2010,328,1214,167,New Mexico,3,32,64,62
2010,327,1213,170,Montana,14,64,64,57
2010,326,1212,190,Clemson,7,64,64,78
2010,325,1211,171,Missouri,10,32,64,86
2010,324,1210,135,West Virginia,2,4,64,77
2010,323,1209,169,Morgan St.,15,64,64,50
2010,322,1208,188,Duke,1,1,64,73
2010,321,1207,195,Arkansas Pine Bluff,16,64,64,44
2010,320,1206,191,California,8,32,64,77
2010,319,1205,176,Louisville,9,64,64,62
2010,318,1204,145,Texas A&M,5,32,64,69
2010,317,1203,142,Utah St.,12,64,64,53
2010,316,1202,156,Purdue,4,16,64,72
2010,315,1201,150,Siena,13,64,64,64
2010,314,592,163,Notre Dame,6,64,64,50
2010,313,591,158,Old Dominion,11,32,64,51
2010,312,590,194,Baylor,3,8,64,68
2010,311,589,152,Sam Houston St.,14,64,64,59
2010,310,588,155,Richmond,7,64,64,71
2010,309,587,153,Saint Mary's,10,16,64,80
2010,308,586,138,Villanova,2,32,64,73
2010,307,585,154,Robert Morris,15,64,64,70
2010,306,584,180,Kansas,1,32,32,67
2010,305,583,164,Northern Iowa,9,16,32,69
2010,304,582,173,Michigan St.,5,4,32,85
2010,303,581,174,Maryland,4,32,32,83
2010,302,580,147,Tennessee,6,8,32,83
2010,301,579,161,Ohio,14,32,32,68
2010,300,578,183,Georgia Tech,10,32,32,66
2010,299,577,160,Ohio St.,2,16,32,75
2010,298,576,149,Syracuse,1,16,32,87
2010,297,575,182,Gonzaga,8,32,32,65
2010,296,574,193,Butler,5,2,32,54
2010,295,573,168,Murray St.,13,32,32,52
2010,294,572,131,Xavier,6,16,32,71
2010,293,571,157,Pittsburgh,3,32,32,68
2010,292,570,192,BYU,7,32,32,72
2010,291,569,179,Kansas St.,2,8,32,84
2010,290,568,178,Kentucky,1,8,32,90
2010,289,567,137,Wake Forest,9,32,32,60
2010,288,566,189,Cornell,12,16,32,87
2010,287,565,133,Wisconsin,4,32,32,69
2010,286,564,136,Washington,11,16,32,82
2010,285,563,167,New Mexico,3,32,32,64
2010,284,562,171,Missouri,10,32,32,59
2010,283,561,135,West Virginia,2,4,32,68
2010,282,272,188,Duke,1,1,32,68
2010,281,271,191,California,8,32,32,53
2010,280,270,145,Texas A&M,5,32,32,61
2010,279,269,156,Purdue,4,16,32,63
2010,278,268,158,Old Dominion,11,32,32,68
2010,277,267,194,Baylor,3,8,32,76
2010,276,266,153,Saint Mary's,10,16,32,75
2010,275,265,138,Villanova,2,32,32,68
2010,274,264,164,Northern Iowa,9,16,16,52
2010,273,263,173,Michigan St.,5,4,16,59
2010,272,262,147,Tennessee,6,8,16,76
2010,271,261,160,Ohio St.,2,16,16,73
2010,270,260,149,Syracuse,1,16,16,59
2010,269,259,193,Butler,5,2,16,63
2010,268,258,131,Xavier,6,16,16,96
2010,267,257,179,Kansas St.,2,8,16,101
2010,266,120,178,Kentucky,1,8,16,62
2010,265,119,189,Cornell,12,16,16,45
2010,264,118,136,Washington,11,16,16,56
2010,263,117,135,West Virginia,2,4,16,69
2010,262,116,188,Duke,1,1,16,70
2010,261,115,156,Purdue,4,16,16,57
2010,260,114,194,Baylor,3,8,16,72
2010,259,113,153,Saint Mary's,10,16,16,49
2010,258,44,173,Michigan St.,5,4,8,70
2010,257,43,147,Tennessee,6,8,8,69
2010,256,42,193,Butler,5,2,8,63
2010,255,41,179,Kansas St.,2,8,8,56
2010,254,6,178,Kentucky,1,8,8,66
2010,253,5,135,West Virginia,2,4,8,73
2009,252,1200,188,Duke,1,1,8,78
2009,251,1199,194,Baylor,3,8,8,71
2009,250,1198,173,Michigan St.,5,4,4,50
2009,249,1197,193,Butler,5,2,4,52
2009,248,1196,135,West Virginia,2,4,4,57
2009,247,1195,188,Duke,1,1,4,78
2009,246,1194,193,Butler,5,2,2,59
2009,245,1193,188,Duke,1,1,2,61
2009,244,1192,107,Louisville,1,8,64,74
2009,243,1191,97,Morehead St.,16,64,64,54
2009,242,1190,92,Ohio St.,8,64,64,72
2009,241,1189,84,Siena,9,32,64,74
2009,240,1188,75,Utah,5,64,64,71
2009,239,1187,127,Arizona,12,16,64,84
2009,238,1186,71,Wake Forest,4,64,64,69
2009,237,1185,117,Cleveland St.,13,32,64,84
2009,236,1184,69,West Virginia,6,64,64,60
2009,235,1183,114,Dayton,11,32,64,68
2009,234,1182,108,Kansas,3,16,64,84
2009,233,1181,94,North Dakota St.,14,64,64,74
2009,232,1180,124,Boston College,7,64,64,55
2009,231,1179,76,USC,10,32,64,72
2009,230,1178,101,Michigan St.,2,2,64,77
2009,229,1177,85,Robert Morris,15,64,64,62
2009,228,1176,116,Connecticut,1,4,64,103
2009,227,1175,119,Chattanooga,16,64,64,47
2009,226,1174,122,BYU,8,64,64,66
2009,225,1173,78,Texas A&M,9,32,64,79
2009,224,1172,87,Purdue,5,16,64,61
2009,223,1171,93,Northern Iowa,12,64,64,56
2009,222,1170,70,Washington,4,32,64,71
2009,221,1169,99,Mississippi St.,13,64,64,58
2009,220,1168,105,Marquette,6,32,64,58
2009,219,1167,74,Utah St.,11,64,64,57
2009,218,1166,98,Missouri,3,8,64,78
2009,217,1165,115,Cornell,14,64,64,59
2009,216,1164,120,California,7,64,64,71
2009,215,1163,104,Maryland,10,32,64,84
2009,214,1162,103,Memphis,2,16,64,81
2009,213,1161,121,Cal St. Northridge,15,64,64,70
2009,212,1160,89,Pittsburgh,1,8,64,72
2009,211,1159,112,East Tennessee St.,16,64,64,62
2009,210,1158,90,Oklahoma St.,8,32,64,77
2009,209,1157,80,Tennessee,9,64,64,75
2009,208,1156,111,Florida St.,5,64,64,59
2009,207,1155,67,Wisconsin,12,32,64,61
2009,206,1154,66,Xavier,4,16,64,77
2009,205,1153,88,Portland St.,13,64,64,59
2009,204,1152,77,UCLA,6,32,64,65
2009,203,1151,73,VCU,11,64,64,64
2009,202,1150,72,Villanova,3,4,64,80
2009,201,1149,128,American,14,64,64,67
2009,200,1148,79,Texas,7,32,64,76
2009,199,1147,100,Minnesota,10,64,64,62
2009,198,1146,113,Duke,2,16,64,86
2009,197,1145,125,Binghamton,15,64,64,62
2009,196,1144,95,North Carolina,1,1,64,101
2009,195,1143,86,Radford,16,64,64,58
2009,194,1142,106,LSU,8,32,64,75
2009,193,1141,123,Butler,9,64,64,71
2009,192,1140,109,Illinois,5,64,64,72
2009,191,1139,68,Western Kentucky,12,32,64,76
2009,190,1138,110,Gonzaga,4,16,64,77
2009,189,1137,130,Akron,13,64,64,64
2009,188,560,126,Arizona St.,6,32,64,66
2009,187,559,81,Temple,11,64,64,57
2009,186,558,82,Syracuse,3,16,64,59
2009,185,557,83,Stephen F. Austin,14,64,64,44
2009,184,556,118,Clemson,7,64,64,59
2009,183,555,102,Michigan,10,32,64,62
2009,182,554,91,Oklahoma,2,8,64,82
2009,181,553,96,Morgan St.,15,64,64,54
2009,180,552,107,Louisville,1,8,32,79
2009,179,551,84,Siena,9,32,32,72
2009,178,550,127,Arizona,12,16,32,71
2009,177,549,117,Cleveland St.,13,32,32,57
2009,176,548,114,Dayton,11,32,32,43
2009,175,547,108,Kansas,3,16,32,60
2009,174,546,76,USC,10,32,32,69
2009,173,545,101,Michigan St.,2,2,32,74
2009,172,544,116,Connecticut,1,4,32,92
2009,171,543,78,Texas A&M,9,32,32,66
2009,170,542,87,Purdue,5,16,32,76
2009,169,541,70,Washington,4,32,32,74
2009,168,540,105,Marquette,6,32,32,79
2009,167,539,98,Missouri,3,8,32,83
2009,166,538,104,Maryland,10,32,32,70
2009,165,537,103,Memphis,2,16,32,89
2009,164,536,89,Pittsburgh,1,8,32,84
2009,163,535,90,Oklahoma St.,8,32,32,76
2009,162,534,67,Wisconsin,12,32,32,49
2009,161,533,66,Xavier,4,16,32,60
2009,160,532,77,UCLA,6,32,32,69
2009,159,531,72,Villanova,3,4,32,89
2009,158,530,79,Texas,7,32,32,69
2009,157,529,113,Duke,2,16,32,74
2009,156,256,95,North Carolina,1,1,32,84
2009,155,255,106,LSU,8,32,32,70
2009,154,254,68,Western Kentucky,12,32,32,81
2009,153,253,110,Gonzaga,4,16,32,83
2009,152,252,126,Arizona St.,6,32,32,67
2009,151,251,82,Syracuse,3,16,32,78
2009,150,250,102,Michigan,10,32,32,63
2009,149,249,91,Oklahoma,2,8,32,73
2009,148,248,107,Louisville,1,8,16,103
2009,147,247,127,Arizona,12,16,16,64
2009,146,246,108,Kansas,3,16,16,62
2009,145,245,101,Michigan St.,2,2,16,67
2009,144,244,116,Connecticut,1,4,16,72
2009,143,243,87,Purdue,5,16,16,60
2009,142,242,98,Missouri,3,8,16,102
2009,141,241,103,Memphis,2,16,16,91
2009,140,112,89,Pittsburgh,1,8,16,60
2009,139,111,66,Xavier,4,16,16,55
2009,138,110,72,Villanova,3,4,16,77
2009,137,109,113,Duke,2,16,16,54
2009,136,108,95,North Carolina,1,1,16,98
2009,135,107,110,Gonzaga,4,16,16,77
2009,134,106,82,Syracuse,3,16,16,71
2009,133,105,91,Oklahoma,2,8,16,84
2009,132,40,107,Louisville,1,8,8,52
2009,131,39,101,Michigan St.,2,2,8,64
2009,130,38,116,Connecticut,1,4,8,82
2009,129,37,98,Missouri,3,8,8,75
2009,128,4,89,Pittsburgh,1,8,8,76
2009,127,3,72,Villanova,3,4,8,78
2008,126,1136,95,North Carolina,1,1,8,72
2008,125,1135,91,Oklahoma,2,8,8,60
2008,124,1134,101,Michigan St.,2,2,4,82
2008,123,1133,116,Connecticut,1,4,4,73
2008,122,1132,72,Villanova,3,4,4,69
2008,121,1131,95,North Carolina,1,1,4,83
2008,120,1130,101,Michigan St.,2,2,2,72
2008,119,1129,95,North Carolina,1,1,2,89
2008,118,1128,31,North Carolina,1,4,64,113
2008,117,1127,32,Mount St. Mary's,16,64,64,74
2008,116,1126,44,Indiana,8,64,64,72
2008,115,1125,63,Arkansas,9,32,64,86
2008,114,1124,30,Notre Dame,5,32,64,68
2008,113,1123,48,George Mason,12,64,64,50
2008,112,1122,6,Washington St.,4,16,64,71
2008,111,1121,3,Winthrop,13,64,64,40
2008,110,1120,29,Oklahoma,6,32,64,72
2008,109,1119,23,Saint Joseph's,11,64,64,64
2008,108,1118,39,Louisville,3,8,64,79
2008,107,1117,59,Boise St.,14,64,64,61
2008,106,1116,58,Butler,7,32,64,81
2008,105,1115,19,South Alabama,10,64,64,61
2008,104,1114,16,Tennessee,2,16,64,72
2008,103,1113,65,American,15,64,64,57
2008,102,1112,43,Kansas,1,1,64,85
2008,101,1111,25,Portland St.,16,64,64,61
2008,100,1110,11,UNLV,8,32,64,71
2008,99,1109,41,Kent St.,9,64,64,58
2008,98,1108,55,Clemson,5,64,64,69
2008,97,1107,7,Villanova,12,16,64,75
2008,96,1106,8,Vanderbilt,4,64,64,62
2008,95,1105,20,Siena,13,32,64,83
2008,94,1104,10,USC,6,64,64,67
2008,93,1103,42,Kansas St.,11,32,64,80
2008,92,1102,2,Wisconsin,3,16,64,71
2008,91,1101,56,Cal St. Fullerton,14,64,64,56
2008,90,1100,45,Gonzaga,7,64,64,76
2008,89,1099,51,Davidson,10,8,64,82
2008,88,1098,47,Georgetown,2,32,64,66
2008,87,1097,12,UMBC,15,64,64,47
2008,86,1096,37,Memphis,1,2,64,87
2008,85,1095,9,UT Arlington,16,64,64,63
2008,84,1094,34,Mississippi St.,8,32,64,76
2008,83,1093,27,Oregon,9,64,64,69
2008,82,1092,35,Michigan St.,5,16,64,72
2008,81,1091,17,Temple,12,64,64,61
2008,80,1090,26,Pittsburgh,4,32,64,82
2008,79,1089,28,Oral Roberts,13,64,64,63
2008,78,1088,38,Marquette,6,32,64,74
2008,77,1087,40,Kentucky,11,64,64,66
2008,76,1086,18,Stanford,3,16,64,77
2008,75,1085,52,Cornell,14,64,64,53
2008,74,1084,36,Miami FL,7,32,64,78
2008,73,1083,22,Saint Mary's,10,64,64,64
2008,72,1082,15,Texas,2,8,64,74
2008,71,1081,62,Austin Peay,15,64,64,54
2008,70,1080,13,UCLA,1,4,64,70
2008,69,1079,33,Mississippi Valley St.,16,64,64,29
2008,68,1078,57,BYU,8,64,64,62
2008,67,1077,14,Texas A&M,9,32,64,67
2008,66,1076,50,Drake,5,64,64,99
2008,65,1075,4,Western Kentucky,12,16,64,101
2008,64,1074,54,Connecticut,4,64,64,69
2008,63,1073,21,San Diego,13,32,64,70
2008,62,528,24,Purdue,6,32,64,90
2008,61,527,61,Baylor,11,64,64,79
2008,60,526,1,Xavier,3,8,64,73
2008,59,525,46,Georgia,14,64,64,61
2008,58,524,5,West Virginia,7,16,64,75
2008,57,523,64,Arizona,10,64,64,65
2008,56,522,49,Duke,2,32,64,71
2008,55,521,60,Belmont,15,64,64,70
2008,54,520,31,North Carolina,1,4,32,108
2008,53,519,63,Arkansas,9,32,32,77
2008,52,518,30,Notre Dame,5,32,32,41
2008,51,517,6,Washington St.,4,16,32,61
2008,50,516,29,Oklahoma,6,32,32,48
2008,49,515,39,Louisville,3,8,32,78
2008,48,514,58,Butler,7,32,32,71
2008,47,513,16,Tennessee,2,16,32,76
2008,46,512,43,Kansas,1,1,32,75
2008,45,511,11,UNLV,8,32,32,56
2008,44,510,7,Villanova,12,16,32,84
2008,43,509,20,Siena,13,32,32,72
2008,42,508,42,Kansas St.,11,32,32,55
2008,41,507,2,Wisconsin,3,16,32,72
2008,40,506,51,Davidson,10,8,32,74
2008,39,505,47,Georgetown,2,32,32,70
2008,38,504,37,Memphis,1,2,32,77
2008,37,503,34,Mississippi St.,8,32,32,74
2008,36,502,35,Michigan St.,5,16,32,65
2008,35,501,26,Pittsburgh,4,32,32,54
2008,34,500,38,Marquette,6,32,32,81
2008,33,499,18,Stanford,3,16,32,82
2008,32,498,36,Miami FL,7,32,32,72
2008,31,497,15,Texas,2,8,32,75
2008,30,240,13,UCLA,1,4,32,51
2008,29,239,14,Texas A&M,9,32,32,49
2008,28,238,4,Western Kentucky,12,16,32,72
2008,27,237,21,San Diego,13,32,32,63
2008,26,236,24,Purdue,6,32,32,78
2008,25,235,1,Xavier,3,8,32,85
2008,24,234,5,West Virginia,7,16,32,73
2008,23,233,49,Duke,2,32,32,67
2008,22,232,31,North Carolina,1,4,16,68
2008,21,231,6,Washington St.,4,16,16,47
2008,20,230,39,Louisville,3,8,16,79
2008,19,229,16,Tennessee,2,16,16,60
2008,18,228,43,Kansas,1,1,16,72
2008,17,227,7,Villanova,12,16,16,57
2008,16,226,2,Wisconsin,3,16,16,56
2008,15,225,51,Davidson,10,8,16,73
2008,14,104,37,Memphis,1,2,16,92
2008,13,103,35,Michigan St.,5,16,16,74
2008,12,102,18,Stanford,3,16,16,62
2008,11,101,15,Texas,2,8,16,82
2008,10,100,13,UCLA,1,4,16,88
2008,9,99,4,Western Kentucky,12,16,16,78
2008,8,98,1,Xavier,3,8,16,79
2008,7,97,5,West Virginia,7,16,16,75
2008,6,36,31,North Carolina,1,4,8,83
2008,5,35,39,Louisville,3,8,8,73
2008,4,34,43,Kansas,1,1,8,59
2008,3,33,51,Davidson,10,8,8,57
2008,2,2,37,Memphis,1,2,8,85
2008,1,1,15,Texas,2,8,8,67
,,,13,UCLA,1,4,8,76
,,,1,Xavier,3,8,8,57
,,,31,North Carolina,1,4,4,66
,,,43,Kansas,1,1,4,84
,,,37,Memphis,1,2,4,78
,,,13,UCLA,1,4,4,63
,,,43,Kansas,1,1,2,75
,,,37,Memphis,1,2,2,68
